0  1.34065e+06  27669  629362  206472  60835  503472  22369  779  16979  1032  10467  1694  1946  3336  12088  10567  24545  9279  9795  3985  34445  46877  66626  60156  15172  10894  75977  58281  202467  444  437236  1707  1.25448e+06  93397  227086  532260  68265  28358  44120  22450  15779  1932  652  4089  1253  962  6413  7933  319  1276  1861  1172  175  178  853  1498  477  4025  488  5713  1727  4091  1852  4438  597  292  655  1891  879  585  337  789  34  3562  5376  18676  1860  1418  928  3148  743  61223  
1.08659e+06  0  5052  7029  693450  7488  629334  21213  571  8196  1808  388  198  283  1753  8800  3623  20099  7423  8526  3749  33586  38137  60578  47269  7682  4022  5448  28096  57383  229  44468  337  33596  534811  670457  345559  85300  8010  52120  11841  8034  16455  3217  2111  3130  540  31147  22785  318  1569  1324  194  156  128  661  1173  447  2873  497  4435  1663  3910  2090  4044  505  238  327  1440  775  507  271  557  29  482  12087  9717  4190  1924  1860  2851  1871  194473  
40457  3271  0  164919  330  479  265728  72908  195  956  296  200  112  132  435  990  150  1829  637  1258  526  4017  3175  8239  9226  2346  868  2222  5599  9669  14  2221  21  762  64249  145925  87390  17542  18362  10191  4669  4138  2964  15123  18173  721  385  6779  6382  79  250  129  87  94  81  146  137  56  360  82  631  229  461  374  658  118  57  108  625  235  135  59  158  7  231  2477  3760  1092  630  1241  660  737  33252  
655370  2909  128940  0  1253  1439  39808  678770  201  1454  829  1.18637e+06  10475  9647  9835  1919  522  2778  794  8415  782  3114  3658  5670  6414  2079  7290  41319  5110  19295  18  29140  79  23876  91420  224243  59482  12229  27509  13100  9023  338433  13517  111750  1.50859e+06  3433  1570  47508  284232  319  701  472  137751  24350  16698  9668  529  480  883  448  12879  1429  650  1824  1951  601  80  3436  9660  1522  1510  594  2330  13  18491  12982  145644  8332  2601  9488  2873  3295  37206  
317614  747638  2691  4063  0  1.32428e+06  1.11608e+06  118169  3339  123227  4913  421  352  295  2639  41619  47924  39745  33049  16796  3775  24082  42675  36406  20567  2448  4702  5192  29438  49837  1866  57446  1995  459758  879745  783018  459382  172947  2475  35226  11855  1845  5666  753  1295  25385  16653  81635  71787  4407  5997  3847  170  147  217  816  3783  1480  5747  1487  7270  1524  2885  2872  2862  783  157  382  1459  1857  1290  748  1117  76  849  43952  25089  11607  7839  558  3297  1817  408580  
64427  28544  2437  3497  1.2806e+06  0  670361  287417  448844  1.94527e+06  2664  218  611  220  1436  47033  50393  23545  46777  9449  1304  6614  20611  8781  10054  461  1936  4782  39942  38904  1825  100292  3060  1.08962e+06  161291  99334  323235  78699  938  5234  2546  3148  6542  903  1341  40817  86919  116811  195687  72199  31716  3163  75  197  245  564  4476  2092  6967  6919  5156  636  819  4676  878  1784  59  356  1279  4219  2767  659  3747  163  2287  64001  25632  23544  15773  146  3307  1202  129112  
400604  466909  300540  80752  1.75398e+06  784733  0  1.71857e+06  840072  187093  8880  2697  1605  1071  5730  42457  39351  58149  130496  29993  7597  52633  79581  90499  110164  13962  12807  12620  167856  162677  2703  37600  1046  39038  1.2885e+06  1.52242e+06  634597  170806  24739  108915  33196  30529  79190  16532  20411  132233  109683  536187  416342  50107  21359  6232  1110  876  746  2605  8967  5473  14768  9868  15064  3772  6278  13432  7694  3827  582  2480  9859  9537  6762  3377  5909  275  5253  243591  173537  79248  39046  8668  16209  11573  571251  
12385  13336  194729  1.24115e+06  57426  380540  1.68345e+06  0  1.74611e+06  736144  471044  618390  1.13458e+06  544287  212218  66752  19226  137754  83208  522432  16147  45000  97791  67856  66515  20643  25220  12448  55246  64639  971  45713  2129  42819  1.55543e+06  1.54203e+06  843536  413251  20285  123939  31852  168595  77845  89620  479307  182450  252604  645867  3.79474e+06  452660  444053  72515  99356  180946  166264  53425  65378  12600  40330  33348  162457  10529  6655  30128  9809  9585  717  7093  17543  22708  15993  5921  18720  819  25169  432752  340238  186678  107812  12551  41641  15725  987454  
1065  414  896  642  1955  768143  1.17257e+06  1.58633e+06  0  2.01778e+06  1742  42  164  56  163  12146  6476  46584  154919  6126  182  770  46649  1252  27755  439  2378  761  101227  47878  1210  6084  254  1472  29004  13090  45993  36904  279  1329  665  1563  3456  193  197  6297  66560  13075  161285  157402  90783  2340  21  42  48  185  9443  1876  8678  11623  2407  212  121  7085  217  2542  80  325  1050  4738  3086  537  5628  253  3377  38147  12320  27166  16092  72  3441  724  64584  
17910  6569  1819  2611  59429  1.50561e+06  391711  861345  1.6839e+06  0  77877  209  351  719  1615  2.3647e+06  220471  74175  109507  15804  1222  2861  24718  4227  13083  554  2649  11212  74532  73423  2996  334408  50689  732090  144785  100796  544200  313609  1036  4511  2406  2027  3110  354  654  7621  39352  20435  237697  167098  393406  25577  78  138  354  472  71834  4976  14710  11908  7612  434  354  7403  535  2579  81  577  1966  4994  3439  936  5712  405  8811  44504  21572  39168  28067  119  12439  1977  336734  
300  121  703  2401  412  2042  3457  781152  1354  282445  0  2610  29641  1.09543e+06  6719  81611  1891  55985  1245  1.01172e+06  1594  389  1414  416  548  156  356  369  674  1238  40  3840  761  1421  26371  10424  10276  11205  247  1690  512  1605  914  362  1281  2407  5365  5431  245957  10611  315033  269682  2209  10426  73140  2839  98595  9327  25579  5141  107536  1071  146  2974  262  1043  47  622  1262  2137  1597  1075  5890  682  5956  24183  7136  17393  15004  97  8680  799  46621  
35507  650  3532  963036  800  792  10893  550382  96  517  5957  0  310994  230178  190221  737  671  2252  496  71640  2493  1828  1095  2694  11858  13483  41530  19652  3125  3783  16  12199  151  15260  39337  31629  16574  3476  5138  75537  5769  221507  4675  27678  414399  5668  1271  41810  227164  215  778  1195  569410  60878  29898  30296  891  618  2110  694  41892  2973  780  2198  1868  491  97  3260  6308  1249  1282  772  1402  35  10617  21500  73136  11869  4086  5435  5191  2258  12569  
7336  416  2189  24400  2342  8627  27316  1.02049e+06  644  2317  37425  462543  0  810916  423629  1538  1654  7013  1180  470440  9681  6043  1887  4031  7996  8392  27134  8858  3049  4359  59  7251  332  5108  63448  25927  19709  7296  4433  63734  5228  47180  2521  2989  33767  10226  5933  37412  331675  2292  2900  7754  178418  518840  113914  73799  2243  976  6103  1035  143917  7695  2022  2446  3498  651  237  4387  4430  1612  1359  943  1420  81  3899  35181  28384  18038  10762  2176  14286  2850  27660  
6656  249  1887  18757  925  2528  9027  834254  664  4599  1.03e+06  182190  885530  0  716157  5414  2719  27739  1724  1.2019e+06  11016  5269  1999  2860  4574  3773  20968  6680  2459  4124  89  8461  549  4952  52448  19148  16475  6972  2356  51087  4434  40237  1150  1495  21160  3448  5016  11261  189276  4644  34312  82484  60605  204991  665054  72572  11332  1434  12090  1258  311096  10386  1924  2048  1992  583  196  2703  2864  1583  1204  827  1877  133  3700  18170  20990  11178  7777  896  8822  1700  22265  
6144  658  1554  12227  1282  1056  7291  112257  167  1577  5636  105321  184789  447206  0  1689  8779  33472  6653  1.73246e+06  62019  48206  6497  472863  17249  64701  43170  7206  6626  12548  278  24696  2403  8567  91858  11678  35889  17600  2373  112898  9323  35227  769  1245  16102  1704  1052  6560  64809  691  5353  16739  28282  22825  110700  432678  8018  1693  21313  2163  329085  18554  4998  5997  7056  1536  595  2423  3100  3296  2280  1431  2623  152  3049  13723  17781  6307  4584  673  10218  1708  27445  
22618  4533  1835  2895  24871  56315  81031  115379  70652  2.48111e+06  112271  290  289  2539  2232  0  2.50278e+06  588362  146836  34817  1306  2134  16305  3353  15150  751  3349  18913  60369  79777  4315  609000  338944  783689  199740  47541  465968  312779  1487  7761  2402  1007  1026  322  655  2362  4050  6697  30489  7200  67346  41003  96  85  462  552  66238  15603  34210  11894  18994  445  281  8072  452  2878  88  404  1412  4855  3177  2245  9899  1780  2704  15104  4904  7937  7091  148  5140  2213  353050  
26971  9368  2648  3985  40088  88366  94743  116883  43400  475332  18480  1036  1388  2320  24423  3.23392e+06  0  531987  1.56991e+06  188550  6943  4322  25343  6056  10164  2584  8074  20066  103000  644068  278947  2.25357e+06  696129  558485  160500  44690  573588  137786  2741  19458  5967  3687  2072  1083  1687  4911  8345  14250  35050  6208  63592  150089  410  533  2263  5932  212317  43344  168250  37943  146538  2401  790  26165  1434  9769  345  1612  5912  19008  14062  10009  30112  4171  4909  39409  8595  18312  13858  580  17291  3324  177448  
11473  5566  6918  5593  9731  21928  73145  155716  145430  139955  68019  557  531  4708  7074  900555  1.04876e+06  0  3.07756e+06  640497  128515  8696  977059  18884  146167  30064  22160  21176  115468  120260  2443  178144  15797  60118  177939  32774  254947  126502  7809  137239  26991  3475  1470  1235  1942  1870  4093  7250  19879  6330  21321  48514  226  244  881  9508  43069  22151  99311  16705  107842  21984  14406  66435  17739  8448  2565  2003  6616  14856  11343  11207  22672  2128  2864  26500  5491  13917  9771  919  23341  3475  159104  
13823  9897  8099  6061  19821  122615  330299  222433  406125  128027  6601  1242  1435  2275  32616  58321  1.63334e+06  2.76481e+06  0  146346  8203  7368  1.77396e+06  13865  341690  29750  35732  22205  764294  2.10258e+06  396913  298807  7191  74367  135349  29996  231701  100671  6678  80776  27959  3344  1588  1190  1974  2303  9078  8853  28937  16946  14173  18030  494  604  1512  8301  13685  5755  60195  7596  67328  5229  2829  18564  3713  3944  558  1158  4111  8835  6990  4773  8168  536  1603  21560  6207  11994  7111  710  12571  2524  124272  
12631  6689  14095  21028  7711  6988  56933  604303  6034  19899  624495  29808  174950  550553  1.78288e+06  28053  57316  1.12397e+06  81468  0  1.77028e+06  695182  94998  967608  85801  204679  98699  38527  61250  141600  2832  173383  11486  38138  380301  83254  299551  142468  15550  464958  64272  22234  5029  6355  13084  8036  10083  33574  241403  9915  94696  301112  13088  33584  102805  190266  181774  37741  366380  37716  1.46876e+06  81329  35413  131155  52382  23958  10158  11234  26104  48339  37070  26885  44968  3105  7912  115582  26406  57374  37375  3274  98264  11087  258367  
1099  602  1055  750  417  111  3938  5912  42  303  177  244  308  471  60869  222  977  112632  5007  753169  0  522073  77088  162328  11864  27175  9244  2709  3966  9219  120  9590  275  2338  40706  3001  20576  8547  935  60364  4789  685  218  242  356  175  89  1036  1944  27  282  335  145  173  438  16003  295  259  21641  2290  92492  130718  38363  55812  36957  5583  5884  1923  2897  3119  1286  384  1422  106  388  16020  745  2896  1831  146  20133  1140  14259  
2816  2429  3171  1922  1006  128  12095  13183  28  172  54  383  358  629  34257  158  330  14277  814  239733  373513  0  169908  655352  34262  39859  5418  4951  5333  17793  34  9890  71  1778  60652  4138  36191  7388  1722  98157  5530  762  256  331  548  226  98  1265  2165  26  201  191  145  108  217  21658  161  276  13780  3303  102374  96247  94156  33874  76860  7383  9221  3603  4348  3945  1591  439  1332  118  386  27425  929  2352  2199  225  43161  1465  10818  
19286  13590  11410  8339  12422  8637  79543  123622  29312  15771  4539  619  466  696  5233  6212  9914  965256  1.21582e+06  55656  65301  257089  0  532772  762883  64155  44022  34347  1.31707e+06  646446  3281  403611  3084  107449  166317  31065  324292  126658  8872  85981  48817  1677  1123  796  1808  1115  1143  5407  12617  1664  3449  4233  210  140  214  9905  4499  1658  25149  4206  66153  25087  18304  83671  22262  6491  3388  1429  2844  3987  2030  972  2481  193  613  15721  3340  5112  3338  632  15636  2709  128979  
10612  9865  11391  6412  4178  380  43305  44577  149  555  150  1254  1299  2164  466223  461  738  33045  3403  534117  178187  806204  452330  0  1.48819e+06  679765  20564  14396  36198  74698  79  36782  163  6420  91448  12896  109683  18233  4113  175070  13553  1243  594  457  1337  414  184  2442  5008  53  245  403  381  189  239  15490  271  195  6785  1372  37673  21228  37409  23274  173622  11068  8366  2451  3908  3730  1458  283  979  47  323  26624  1626  2263  1310  371  46426  1229  35396  
8697  6510  8706  5289  3251  3969  49577  38838  13035  4523  482  2807  3199  5346  18138  1333  1575  113262  78714  29256  12569  52924  819767  1.43617e+06  0  1.91358e+06  996334  125040  3.00678e+06  154363  401  54769  544  12066  114511  15473  108591  59046  14633  283466  86508  1396  504  446  1278  425  426  2161  5480  470  733  1069  816  344  201  5019  906  382  5307  942  14893  7702  9340  18364  25700  13240  5140  1546  7233  7155  3780  408  1689  48  256  24219  1593  7249  6683  485  36711  1348  94050  
2103  699  2398  1803  438  183  6848  12167  191  390  113  3753  4335  7522  40224  288  732  43606  11849  32826  13169  34137  90768  356824  1.94659e+06  0  371575  9571  67306  49027  127  17377  269  3573  57802  5275  34149  8903  2678  365345  21664  1146  176  193  722  135  70  743  3105  38  286  654  1076  400  215  3427  408  69  1986  330  6752  3856  4811  6284  12384  3817  3319  1110  1987  1974  787  144  445  13  193  18638  878  1094  544  220  25702  602  71876  
8621  119  527  3961  114  116  1467  4988  121  236  125  5526  4306  7166  11538  253  373  6288  1983  7006  2327  3017  11086  7341  970100  413798  0  198450  8897  2508  24  2422  122  1613  53068  8485  33292  37372  16473  360562  302101  3447  67  87  801  64  34  343  1762  26  301  890  1121  275  178  841  576  103  1150  149  2417  583  550  998  1842  826  784  579  2823  1404  790  121  581  8  1515  5143  5480  1288  1501  1549  5909  1448  45939  
192839  5229  17824  163393  1893  1247  47566  23305  408  3347  522  24257  8696  9096  8647  3739  2660  14615  4547  7865  3130  22274  36866  40535  162826  13451  182684  0  214813  156631  123  373961  388  54957  51023  33420  391400  232835  171959  53331  696936  49979  472  546  7294  443  352  1733  4398  110  531  644  2709  472  326  1275  635  765  2784  659  4606  1370  2514  3000  5396  3318  2317  4405  48639  30437  18624  1391  8968  25  22746  5736  80988  31939  29375  16301  7418  6101  63686  
12044  8135  9597  6992  7262  36474  142907  53659  47388  41479  1167  1739  1723  2836  11257  13595  21958  90609  284943  31295  9388  49458  1.20774e+06  114067  2.84723e+06  182131  40861  294853  0  4.01794e+06  6235  110702  1700  22801  99900  26251  201462  113667  38627  226670  82280  1557  696  479  1366  870  1458  3573  8169  1808  2339  4443  477  224  307  3052  4365  1459  11832  1848  17221  4546  7030  8614  10190  3489  2099  851  7780  8433  5487  1253  3514  130  585  15407  2830  17852  11080  3391  15301  1799  74524  
53169  22597  24266  21365  30336  73191  209258  123001  49209  110109  4217  2529  2215  3528  22002  52349  710726  202408  1.15027e+06  101720  26209  108496  632295  193339  258514  98578  18870  271515  3.71049e+06  0  994190  3.65119e+06  6827  68768  185386  63733  642713  207568  64373  221296  136735  3888  1722  1386  3253  2642  4020  10453  22919  3784  9775  35438  763  519  1270  6435  28927  8366  72045  7710  84302  8249  13206  13900  15805  5553  2094  1400  12106  15974  11344  5380  11039  691  1834  27755  7444  30431  18553  5894  22326  3488  135217  
2236  2931  525  664  13424  22028  25960  22024  3347  44757  803  137  200  287  4285  15765  858661  27590  810460  20433  3384  1745  15734  2313  2667  579  1354  1995  31554  1.80674e+06  0  1.072e+06  1290  8969  12512  5252  98635  27770  309  3821  892  588  284  185  320  776  1380  2594  5532  1423  2066  4898  69  100  287  1023  4341  1374  15126  1335  16354  551  278  1267  308  508  38  168  740  1693  1454  1123  1536  104  272  3509  1106  1842  1141  90  2137  270  16369  
607582  53727  17359  92764  43027  107181  95359  130613  5637  494223  13298  5247  2996  4410  37695  455047  1.69735e+06  457515  242737  264102  42348  56584  526964  87562  67558  14451  17885  347382  188545  3.94732e+06  780478  0  696161  1.35582e+06  158228  63458  996763  163104  26600  52613  89476  13662  2078  1531  4302  3632  6520  12723  33759  6271  31913  174265  974  683  3112  8319  133723  33261  224317  25957  252996  7354  6349  22324  7318  7785  937  2437  11761  20075  15936  14291  31081  2741  7386  40286  21667  26357  21601  3456  28553  3991  152719  
3300  569  181  347  2632  4071  3024  10361  406  84009  2057  53  48  100  953  182478  322337  25334  2961  18139  595  253  3717  339  722  164  420  2065  2902  9329  836  531729  0  271283  4822  2656  74218  7732  180  710  292  175  140  62  95  423  570  1048  2976  533  6435  19089  15  24  128  190  24746  3537  13832  3519  10341  140  42  2306  109  785  20  100  331  1317  899  748  2588  368  451  3862  738  1352  1195  31  1159  225  7725  
1.39443e+06  134706  9083  26523  984767  1.4644e+06  108703  234061  2606  1.74898e+06  5636  2604  1070  1158  6814  1.60808e+06  975451  108949  30445  56602  4563  13633  65671  20780  12444  1715  6502  73488  60170  155040  6494  1.35918e+06  844448  0  44686  31339  1.413e+06  53141  3621  7699  8221  4854  1971  778  2446  7327  8459  24258  47323  2904  13130  32690  368  223  504  1248  34227  6560  28848  5565  30087  1157  1644  4645  1643  1592  115  504  1596  3113  2189  1973  5303  635  2020  17329  11457  5857  4339  450  3672  835  43024  
31465  39009  149931  172009  43929  49028  679742  2.0275e+06  28838  477429  197991  28737  17954  31642  70125  629021  52786  670782  102406  410636  62543  62302  337317  91853  223826  112957  192856  90180  224433  271571  1294  134514  9752  26329  0  4.07592e+06  317484  347498  116886  1.75545e+06  593046  20930  21189  13512  42604  44727  43988  167808  466091  30583  65910  45124  5390  2570  3131  11513  33702  9476  47688  8888  72409  10304  9313  21699  19594  14318  13366  5246  15818  16886  9286  3612  8625  472  4662  361551  70888  48489  37080  4408  104538  28203  5.30084e+06  
44636  46551  246762  293635  26132  13562  581765  843271  4018  87874  53036  26698  4052  4004  13111  146788  10727  74147  10242  75440  6337  8460  31822  13056  38969  9087  37751  20828  41324  46716  226  47065  17267  31376  3.07098e+06  0  175882  273878  388091  301429  124800  16220  15621  17931  65860  33394  13066  129304  189042  3809  24565  18262  2679  1777  1788  2772  11848  2875  11218  2509  16327  1343  1033  4407  1756  1320  226  773  3626  3276  2258  1381  2157  141  1870  94396  62867  24017  16225  3475  8204  8820  1.01449e+06  
137712  47016  246116  213902  148997  104102  728952  2.24985e+06  27743  508820  63378  11342  7562  7974  32169  464873  133920  395189  115564  162026  19321  58883  186749  109267  146506  38676  35147  120766  242243  256845  6088  285010  14528  256538  187253  1.08051e+06  0  2.22329e+06  361665  115107  113464  16455  13502  9277  38923  21543  15929  85450  356915  20445  108674  40853  2921  1859  2059  5197  32098  6084  27889  5758  37921  4618  6800  9267  8500  2751  869  1652  7984  5431  3958  2345  5756  402  6889  63710  63780  29619  18268  6884  14259  4966  173913  
5538  6064  25820  26130  18715  15216  117618  606302  10552  171778  28492  2149  1522  1575  9975  166029  21208  153114  41459  76584  7559  4593  58025  6697  37801  4349  27942  61217  84081  64132  1400  23959  1681  7080  101993  388947  1.64346e+06  0  63258  20372  127589  2671  3106  1911  6205  5639  5062  21263  97402  5764  34940  12583  497  416  546  1614  10016  2009  8626  1876  11930  952  609  3216  1904  1806  917  356  12355  11829  7082  1062  3601  117  1062  19128  13019  23435  29116  2452  9452  10301  524748  
23768  626  13819  66813  117  154  11898  13009  114  1327  546  3463  1100  1036  1331  3238  600  5934  1152  3011  721  2070  6263  5429  13133  5663  13176  40484  15666  19244  24  5480  73  1054  82345  341165  318514  95465  0  17698  68376  6405  298  1559  10691  171  167  1024  2044  51  667  366  607  134  86  279  433  288  940  280  1263  311  335  1184  1294  845  393  1009  11729  4781  3108  426  2530  8  4577  3614  20901  15762  10250  13438  2933  4408  41869  
9843  2775  10198  11247  1273  480  28090  62058  244  1254  764  49726  46513  86572  137052  1402  3406  60717  8816  114783  44915  51891  39784  103297  270960  639702  1.28223e+06  45876  142960  179117  166  42819  1312  5380  1.90926e+06  97221  132134  33572  26605  0  1.40565e+06  17576  1395  2068  8245  912  385  6432  21816  247  3348  11879  12536  2950  2120  22424  7339  2066  39782  3918  64462  17922  14550  30834  56126  28513  26884  9443  21826  22668  11049  3244  7198  187  3384  176004  10216  12760  6847  3947  205924  15780  89154  
4827  372  1612  3703  347  273  4155  7603  130  1316  460  3894  2680  5239  7375  1685  903  19081  4174  9144  3732  3966  41422  6128  126356  20153  543731  314649  21965  17037  50  9248  235  6794  496666  91383  74602  210898  91675  1.14409e+06  0  1461  162  166  898  195  188  750  2111  94  668  1241  803  153  143  834  1032  511  4483  573  5865  808  577  2050  1704  1223  992  401  10334  8548  5227  546  2155  16  586  6625  2674  10010  11170  2473  8615  15135  189984  
12031  3576  8546  69856  1024  5428  26783  33622  2158  3638  1071  31167  6917  3969  3462  1542  1564  7290  1249  7088  1277  2022  2411  2497  1738  807  2085  24390  1692  3561  49  14867  340  8902  18484  21815  16986  4454  6138  4688  3954  0  1.346e+06  101173  814374  301356  230973  443864  62142  2344  22530  3477  45455  24036  9047  6124  20522  25947  22532  19709  18168  7497  3854  100079  62601  22545  1186  23478  123009  41404  77565  33236  338004  1377  1.12906e+06  408512  381128  487996  95068  60883  24813  14192  119049  
2517  11880  15033  21960  4354  8364  117005  81014  3828  4920  577  2134  447  293  704  1458  611  3222  813  2569  560  1845  2240  2823  2118  357  416  403  1440  2282  27  1618  143  1143  36904  45356  14431  4900  874  3225  997  894350  0  4410  7169  678085  107727  351848  35259  3725  12032  2864  377  359  318  1907  8585  10738  9502  8727  7492  2371  882  31625  10184  8735  376  3538  19710  28499  23857  9497  23103  349  23922  390714  425466  177910  52534  3631  24347  13174  75302  
1649  2406  24451  68125  357  260  16113  23076  38  170  74  2136  286  139  298  151  69  392  97  594  90  329  363  568  499  118  110  230  265  444  2  262  12  156  7138  22326  3145  845  947  874  289  70921  992  0  168522  654  344  131808  179403  73  410  187  457  295  180  433  328  439  584  490  1032  292  226  3261  2752  984  58  296  4275  1664  1876  743  2163  12  3502  20955  58606  17290  2913  10125  1783  919  6280  
11179  7758  43361  1.2283e+06  1405  1077  56129  287878  140  851  967  319418  18496  14383  13814  953  378  1857  486  12336  912  2180  2093  3212  3469  1342  3137  4689  1894  2944  11  3199  47  2766  52241  121708  24874  6382  11579  9659  2776  908617  5083  123986  0  2745  1142  20416  598438  247  636  662  886635  64149  39124  20532  531  599  1099  579  32478  2989  887  2455  3030  928  133  2902  13052  2336  2810  1038  4573  23  16009  13276  83489  11200  2798  17021  4350  2442  20904  
771  2474  2735  4739  17478  57261  196226  163050  14894  21327  1786  762  856  210  658  4649  1858  6439  2523  5246  690  1169  2718  1586  1859  268  616  504  2916  2910  55  3066  310  1493  103919  94959  26335  15820  599  4341  1664  502521  905545  2045  2197  0  1.39646e+06  818775  125701  19182  49437  7604  389  514  389  3869  26457  35249  22579  19501  15649  3852  550  28794  3829  13708  487  5771  20484  59867  42391  15781  31020  858  198699  581312  500303  231565  114987  907  38027  14670  146318  
517  536  946  1506  6804  152030  124136  207003  77308  88916  2497  199  1960  268  391  4998  2412  5931  4812  4942  409  491  2508  612  2700  143  428  406  5432  3499  86  4707  360  1458  77595  38232  28140  19651  500  1978  1027  211908  195578  1043  871  1.29235e+06  0  879246  229636  696916  1.69809e+06  4546  123  540  376  2519  62979  64108  22598  63476  8449  1628  240  37631  2094  17276  311  3904  13327  81357  62541  13395  167367  6957  963214  193865  273889  172395  67823  281  18441  5103  125059  
6520  26434  34956  62393  62108  125990  786029  610842  16324  35848  4239  7353  3797  1372  3150  12988  5500  17189  7442  14244  2179  6513  10929  9339  7647  1313  2362  1897  10364  12296  243  8373  618  5851  352045  360404  107202  54962  3044  18190  6385  338609  326766  206758  26964  1.67692e+06  1.13478e+06  0  2.16817e+06  1.22976e+06  211989  14402  2981  4143  3382  10806  37223  59070  93626  228283  32177  6980  2188  136825  22059  45532  1244  11006  39567  140358  96215  21086  25062  895  26624  985313  1.15259e+06  399590  167021  15954  70559  29875  338740  
15901  35161  65679  424468  61575  455515  915998  3.68868e+06  332538  464227  149952  269190  183371  58119  63911  35767  11464  40235  22790  162772  8245  13843  22272  17183  22944  5782  10079  6726  27785  25791  420  23225  1432  11872  671772  552885  270249  169071  8252  43520  12287  188626  55788  272451  1.14915e+06  204134  268417  1.80351e+06  0  1.52671e+06  406305  534413  872743  978117  771104  210170  56522  24015  125094  64144  472567  25185  6515  54191  20821  14640  1442  27947  42447  33553  29290  17646  32932  1374  53819  846411  1.28315e+06  599325  349119  8526  150718  32917  724377  
276  279  400  524  2079  131309  73276  162786  107527  132417  2799  78  501  92  155  3601  1344  3266  4420  2456  203  192  2068  281  2690  100  320  289  4225  2096  39  3827  194  827  35135  11428  21570  16867  294  1131  555  3193  7341  522  441  41978  644313  1.18189e+06  1.58881e+06  0  1.80464e+06  5512  52  113  101  410  22248  10661  82716  145520  7183  427  76  50887  554  13744  222  1124  2839  40698  34807  2791  7256  340  5773  36275  136654  57882  33278  135  7663  1135  63180  
426  262  407  730  1318  36490  23194  262156  99796  288889  30061  206  1078  821  232  27366  3385  12126  5929  8602  390  248  2813  394  1528  125  272  520  2524  1707  45  4414  959  1816  35395  19141  30780  27992  371  956  753  18606  20132  981  816  59106  1.43868e+06  274150  780863  1.53436e+06  0  133985  172  407  739  1575  2.41506e+06  245012  107866  85871  13363  2272  213  33436  1127  15653  283  4642  15846  66885  50355  13559  467105  140758  795984  238820  423181  350768  302771  428  126534  9235  370477  
1134  390  418  1036  1145  2449  5889  76815  4483  258715  276421  666  4302  8936  1656  97454  15761  73061  5455  98324  557  340  3028  374  1168  172  489  1204  2340  3757  152  19742  6595  8457  51554  34454  27514  26767  419  1989  1032  1148  739  628  1134  2787  1963  9240  534605  2794  300790  0  3609  26586  754980  6204  211326  3927  59843  1437  616561  1906  216  1251  397  440  75  1794  1689  1359  1191  1210  3984  324  2297  17045  6572  20576  18661  128  11898  1770  64028  
9214  457  7603  396393  1477  1672  16696  305698  181  839  4670  979985  190266  134386  111904  892  724  2886  636  64759  3424  2916  1585  2373  6944  7349  22511  5973  2099  2674  19  4272  119  3604  37978  36168  16921  5833  3280  43515  3322  176339  4378  12062  954491  7274  1552  53100  874485  312  1201  2986  0  384107  102667  94373  1313  1122  3407  1210  144377  10711  2593  4265  6501  776  257  7685  11284  1963  2452  1607  2523  34  13845  28576  54152  20207  6613  21277  19705  5445  18746  
2386  304  1885  46015  1811  9022  25584  295332  1936  4243  14904  58370  369193  121218  70488  1483  1218  5430  975  124129  4363  3427  1367  1575  1807  1625  2850  2206  1159  1932  37  3340  210  1678  31572  20065  14922  8841  1152  7702  1119  44207  2094  2724  53807  7813  6546  28344  1.07046e+06  3786  3716  38047  268733  0  325724  155324  2572  1138  5718  1149  244369  14128  3424  2711  9679  757  423  15296  11211  1973  1802  1102  2165  74  5519  36287  23269  29591  18867  10850  46176  7223  34315  
2378  304  1944  48568  934  2096  8317  188323  1059  20185  112282  23518  88838  601170  180460  9040  5085  32962  2894  395022  9264  5936  2594  1786  1473  855  1874  2015  1704  4044  111  9341  1149  2437  30279  19265  16042  12562  1384  8017  1832  19840  1133  2039  31655  4157  3047  15050  709707  3307  24915  996154  57967  447806  0  359783  23992  1599  21263  1331  1.07098e+06  38489  5623  3713  7178  775  422  8039  5419  2084  1582  1113  2577  154  3451  16791  20641  11377  7166  1400  20377  3447  27873  
2655  615  1764  27249  1042  1340  7265  53144  243  1671  4352  28694  31546  68577  523240  1908  7714  20269  4793  237666  19484  17825  5514  7939  3022  1643  3942  3079  3498  8900  216  18347  1805  4612  31603  11947  27232  14364  1743  20614  3671  15936  1566  2227  36566  4473  2077  15282  150570  371  2820  6778  65362  95520  417823  0  3143  4701  62436  5481  1.74498e+06  118620  95763  19414  713133  13309  98655  83906  42680  13053  6878  3872  7464  694  5003  47380  18173  20981  16857  790  135738  25340  39754  
439  234  264  542  772  4432  7794  43334  12559  93500  37336  292  438  416  237  102488  17426  26184  3491  18801  282  202  1896  321  808  100  239  564  1523  2259  112  14668  3784  3963  19190  9977  11910  9270  380  1006  837  16107  15038  864  767  31646  117130  49784  93159  53641  2.38826e+06  128628  235  462  1321  1436  0  2.25573e+06  817960  73007  21725  1162  123  21312  893  14360  287  5643  21498  47511  38825  18162  715413  400132  826303  270979  120713  427301  367641  536  151681  13369  417060  
1096  608  686  1121  1750  9493  14930  32857  9335  45245  53833  408  614  652  1891  147865  49050  144888  13508  99288  1856  1359  7458  967  3124  411  886  1808  5484  10504  503  58823  22026  19511  46478  16022  25425  16028  1471  4439  2834  26401  36097  1981  1819  80335  222029  107463  56047  54758  429470  33933  482  813  1227  24818  2.40698e+06  0  1.01337e+06  1.62985e+06  180354  11314  1988  48036  6614  38580  1209  13623  41357  322445  596737  757989  2.04444e+06  453018  389054  278149  71018  280626  218046  1334  132183  16259  286672  
3187  1973  2836  3585  3159  12162  22147  44977  10061  29777  15887  879  925  902  4736  62011  53820  178388  30863  82779  18940  8499  36013  10534  10431  3645  5505  9177  15687  36810  1129  85359  12150  18467  109602  24611  78959  48545  6862  51892  15709  32931  11458  10288  9155  13574  25560  120678  111471  106850  184831  59398  797  960  1200  25611  894790  975819  0  2.96542e+06  936230  126514  4943  801985  13855  67989  4300  17088  58567  135358  126694  58439  124429  11638  49600  185677  33200  275042  183378  5144  168002  31092  256847  
1019  945  1422  2885  1780  14517  25984  40718  10332  15621  8037  1426  1285  624  2067  26233  16669  59186  8201  33259  4950  3038  11479  3418  3851  1454  1504  3183  5190  9607  274  25851  7370  7772  39376  15553  23524  16087  3993  12401  5596  38877  27005  11884  9098  38051  116799  444548  110293  228709  152075  8666  1843  2474  2404  21419  55376  1.66815e+06  2.87704e+06  0  169294  16989  2726  2.04859e+06  17924  238635  6682  21361  83723  696871  1.39166e+06  878841  267215  14180  97673  185655  46398  407369  143315  4630  115893  33167  212451  
8545  4467  7283  17887  7019  9015  43708  169398  5780  36292  102475  16707  30119  59616  154787  55100  82494  463714  60968  1.54321e+06  141375  145006  122032  55771  30121  12454  16734  21809  33620  85147  2417  164091  17176  35269  277728  59059  206194  117463  10358  165176  33378  32146  7728  10844  25189  13844  7936  59905  430269  3607  34665  531114  51733  110602  823667  1.83277e+06  72381  37981  1.21226e+06  56820  0  1.93584e+06  883410  250293  858533  48644  122564  127465  88915  71350  44430  25432  68904  4878  17988  215861  42753  140161  113325  4037  290419  52579  291345  
589  353  563  678  302  257  2627  4559  164  539  607  407  459  697  4035  648  1196  48823  2910  26980  133917  98501  63968  31416  10595  5261  2795  1649  3174  5537  59  5909  341  1346  37746  2230  12155  5185  825  46376  2507  3668  958  1226  1350  789  279  4528  8405  93  962  836  544  806  1774  100265  484  1308  250858  6165  1.06833e+06  0  311047  184026  163795  13025  26104  30641  19536  10025  5633  2007  9356  621  2594  43959  2970  19025  15341  553  67149  12626  31061  
383  215  422  488  118  57  1461  2039  27  99  90  256  243  325  2115  92  166  13911  721  9382  26226  83314  24872  42128  11034  5764  2057  771  1958  3234  10  1949  52  377  41488  876  5218  1562  451  42226  1036  2184  338  662  923  237  99  1842  2576  24  202  130  473  356  854  97900  114  373  27850  3098  445250  260841  0  169701  650879  7237  52685  12956  9893  5425  2904  492  2732  138  607  29730  1181  4435  2553  281  69713  4759  8556  
1090  1021  1652  3066  1160  3407  16326  23152  2119  3200  1000  1401  1133  575  2782  3110  2495  94159  6992  33730  55027  40883  154045  40968  16068  7353  3970  3960  7013  9871  87  10473  752  2422  51903  10346  22982  13371  4074  46287  6983  39404  21610  14049  10075  20640  21565  136946  82154  22226  25468  2334  1752  2250  1938  18239  9279  10668  454345  1.2229e+06  225633  125814  147492  0  365292  616931  11517  23144  80030  861805  751230  34389  179288  5935  60823  156163  25204  367372  89272  4810  93232  36535  149422  
870  594  1148  1986  277  211  4178  5995  91  283  183  678  520  531  3269  235  352  13679  1164  10475  17643  102157  23407  143945  22868  13267  4123  2244  4716  7655  29  3636  63  628  75371  2739  12141  4637  2392  73145  3254  19981  3229  6557  6687  1785  591  17446  15172  95  781  424  1813  1607  3518  744825  491  1267  50563  4844  680237  192210  625616  331725  0  1.44871e+06  586728  74223  72524  56513  27593  1667  24851  429  3934  85241  6900  36695  7440  2243  199858  18731  33909  
592  351  911  1498  366  1413  4727  7006  972  1472  520  297  267  223  979  1537  1734  17023  2300  8917  9546  11641  21891  19114  17560  12489  3526  2298  5161  7444  56  5532  511  1173  59346  3614  11590  6756  3347  52482  4071  22711  8857  7458  6512  13530  21548  41445  17485  5715  14396  709  448  394  420  32872  6659  14808  31783  59798  42266  25303  16476  670244  1.67605e+06  0  1.49408e+06  1.06299e+06  349172  2.70912e+06  170932  10911  40147  990  7895  131473  18068  59126  17540  2994  304582  26456  46127  
76  41  140  161  34  54  473  676  24  62  25  42  30  37  118  59  79  1195  163  737  1211  2162  1812  3169  3060  2862  719  492  1058  1281  6  475  18  72  10499  448  1519  1402  1004  9686  1061  1644  341  494  528  329  290  1626  1905  54  271  68  61  66  64  78646  158  428  6643  1817  33580  14860  16287  16933  337591  1.49059e+06  0  478043  185656  107415  22989  446  4812  106  804  26328  1215  5314  2485  608  333317  26762  42256  
501  37  85  521  61  139  588  1453  80  183  94  363  240  123  202  190  462  1696  333  1107  493  788  668  1112  1156  1078  426  1736  437  843  14  1541  91  587  4937  602  2135  826  669  3800  556  12585  882  251  532  1366  1296  2191  6166  172  992  156  1029  1009  650  57296  946  1778  8631  2497  30118  9740  7295  10207  41573  852392  383717  0  334817  20985  4125  850  1909  143  14489  32794  10018  4191  2473  1350  284979  161024  18007  
1874  198  887  6166  260  925  3643  7774  673  1637  674  1186  683  375  612  915  1194  5494  867  3593  840  979  1427  1605  4498  1949  2970  20364  9794  8262  32  5513  269  2077  10775  6746  12409  28073  28409  6680  25913  127000  22217  17171  27070  14350  10172  41436  38924  1238  10214  2151  3938  3048  1954  12572  13405  31137  20890  17141  13258  5986  2569  48831  29037  197237  40010  256444  0  545674  317231  43282  453425  756  188995  361426  106481  168349  63992  41184  358485  396434  72292  
862  586  877  1519  1023  6135  10948  18149  4251  5917  2418  421  417  322  1892  6983  7718  31284  5683  19864  5145  4326  9591  5114  5062  2850  1989  5322  7216  10498  192  14809  1908  3471  30616  8342  20641  20683  10770  16853  11611  22990  33487  5289  4814  63075  98188  104354  30929  18639  62579  2705  522  574  686  18957  27275  246851  79553  262043  56855  22501  7017  1.20741e+06  96927  3.68506e+06  41943  57832  686251  0  4.1526e+06  494821  121291  2198  19796  168500  29434  89774  42708  4260  152449  16367  78814  
1232  1054  1563  3348  2090  10805  23846  38394  6963  10421  6042  1447  1525  839  3358  14689  14987  63698  9366  38895  6886  4327  8807  4342  4892  1919  2255  7240  10783  15297  345  25534  4103  6156  43886  16792  30794  32308  16592  15372  17227  67266  81749  14285  11871  134946  180673  202277  102307  38224  126381  6456  2180  2634  2705  35235  53866  797785  224818  888462  107678  50767  7581  847343  90099  150530  15761  18249  467721  3.95671e+06  0  3.3725e+06  3.99745e+06  6828  113005  194887  56508  183520  75520  8449  117376  18104  157565  
657  412  572  856  878  4732  8665  14533  3405  5125  3387  300  357  298  1850  8872  8821  34666  5355  21729  3393  1278  3257  949  1516  460  830  1550  2615  6422  217  15377  2696  3819  20643  6073  16101  9982  1250  7462  2483  11509  25171  1831  1666  52363  81966  63526  22047  17719  65015  3436  293  341  473  22078  29123  720653  168905  1.01479e+06  66990  28741  2406  163423  7988  20511  1592  9404  24506  199165  2.5626e+06  0  758763  5089  24742  83995  24017  46313  36737  828  43038  7170  68078  
1439  839  1551  5870  1949  16862  23477  43260  10015  24265  30115  1311  1527  886  2157  59110  24316  131780  11176  89314  7833  3384  8756  3205  5963  1744  2580  12571  14816  17125  337  33819  7905  9075  48290  19061  28986  41968  26583  10535  26557  272129  85193  25270  28543  105944  316355  118571  113703  8493  364269  21974  2537  2669  2626  25850  305214  1.89619e+06  278641  206813  125297  69097  6143  403080  57100  65195  9900  16021  502698  181226  3.56446e+06  1.82761e+06  0  937444  1.11372e+06  241263  109405  460911  137959  19228  114572  46290  209567  
39  14  20  38  63  309  526  1154  242  1435  2651  18  35  29  39  5461  1535  8263  540  5851  120  49  310  33  125  17  27  37  206  328  28  1742  614  536  1733  602  711  511  39  112  78  1901  1527  67  70  2873  10066  1233  2466  211  133904  2280  16  22  59  689  157196  224145  16359  6041  5863  1236  81  4842  328  1302  74  755  2572  2929  3191  8472  598880  0  387656  7805  3136  17649  4996  60  2258  713  5695  
1741  360  651  3384  1638  14026  23835  44784  6794  17687  10968  1515  1855  549  777  18688  6202  38637  2836  26343  1147  611  2289  625  1034  204  596  5279  1658  2632  75  10225  2542  3828  22308  12495  11236  6457  1512  1634  1589  1.48768e+06  310860  6315  9860  753080  2.19016e+06  68073  174980  12051  1.50527e+06  17133  3298  2823  2175  8244  1.50823e+06  768210  112881  55747  38121  8988  918  69343  7106  21388  834  34027  128283  73011  82375  68970  1.66987e+06  837597  0  125195  73000  454429  92988  3377  23970  30894  80640  
2413  2964  7798  16845  14494  53362  207196  392047  27535  45675  14181  7847  19054  3220  6974  24200  9111  46373  8246  47352  15770  9811  15604  12218  18475  15216  6430  5164  11425  14531  230  16012  2338  5069  404979  137720  67245  60870  11078  63303  17184  157766  93748  96051  40874  146668  90797  630588  1.57362e+06  29418  714852  257027  6758  15647  11480  110383  626051  218984  634840  219532  432492  127358  16626  559810  126979  206914  50840  154390  720797  523831  168146  41996  118978  11330  40118  0  1.92964e+06  908770  742805  51400  1.68807e+06  679456  4.51979e+06  
1968  4103  6988  19317  5500  4647  81619  88637  1583  5084  2006  1804  969  349  754  3745  1543  7215  1171  6195  640  1128  1931  1769  1689  403  958  6678  2207  3016  28  3974  444  1528  45489  47406  20984  9888  9278  3208  4284  208947  132036  181924  87598  65549  17317  632060  876451  4735  59923  14813  1139  1382  1352  5533  24747  12028  23023  7915  23703  4493  775  13935  4641  29859  1497  26605  109236  53183  18182  3692  16292  965  19311  1.17472e+06  0  131420  120561  287765  228685  60329  233058  
1409  2962  5174  12843  7453  23019  118883  220272  19083  49599  9892  9055  11642  2910  4065  7804  3018  17473  3033  17898  2259  2839  4778  4198  5909  2199  1968  8405  13234  13620  79  6023  843  2320  81505  76576  46634  53920  35562  9078  22798  166529  138696  70981  37372  262231  109118  588738  1.30834e+06  107699  575666  76107  8526  16782  13469  24156  571407  195103  197322  109105  71938  13613  2738  186866  24223  46820  2827  14261  121371  132879  94863  25082  107544  3732  127305  312256  422453  0  2.25451e+06  294368  192074  46907  616232  
293  522  913  2124  1565  8950  24387  55811  6510  17848  3628  1469  2471  531  726  3427  903  6300  1311  5576  638  530  2419  1374  1466  394  497  1432  2726  2433  23  1649  256  575  23296  20182  15584  37100  8068  2232  5700  20544  20030  12342  4439  40749  28057  126185  431095  35188  232078  34152  1150  2703  2224  7269  161874  41022  69287  36627  34007  4284  558  39983  2855  12172  1058  3460  28271  37856  18722  4654  13175  982  4701  215569  123901  1.69056e+06  0  4236  437370  69616  1.14118e+06  
760  180  1108  4804  81  57  1860  3148  51  138  103  2039  2178  845  647  114  176  843  160  888  137  298  364  550  1211  501  1198  6781  1724  2079  4  1789  48  632  2910  5238  7406  5055  15377  1871  5380  36934  1339  16375  21013  576  567  8873  6553  77  1408  207  23874  16459  2162  1030  1892  2012  1429  1105  1711  706  537  4531  6006  3402  829  23868  189708  24201  11821  1956  24819  63  31801  28397  231677  225569  8006  0  11036  72114  3161  
1640  657  1739  5935  653  1202  8281  22646  356  1636  1013  4015  2291  1481  3763  1516  3609  15333  2922  11524  4498  9394  8929  18764  38638  37266  9730  4752  11715  15999  96  9820  747  1815  144790  9521  22037  17450  8859  127330  9655  9624  2377  3084  9837  5889  3956  18898  99759  816  11155  2652  16103  7071  15393  316279  8534  6817  36538  8026  107109  44631  35870  33836  92337  203633  396604  707167  527639  261727  78382  3052  23772  435  15761  1.59038e+06  124576  67742  91409  16705  0  1.42153e+06  231592  
394  71  191  849  78  143  1063  2199  71  376  186  428  199  135  227  414  260  1571  235  1082  373  292  851  434  1080  616  735  1980  638  732  7  781  75  366  6935  2273  2026  6153  3040  2894  4187  5256  746  947  906  751  661  3849  6957  130  2246  688  1370  692  747  12584  2880  3068  6971  4564  6299  2994  1165  18916  3348  9780  7366  259530  555746  45008  5707  893  20717  287  49160  449146  71686  31834  44260  21286  1.11717e+06  0  98283  
8031  6316  37659  49096  15106  39720  175979  1.06672e+06  40097  637026  178327  3431  5503  3932  23398  649521  47958  415738  94140  240326  25715  12055  189895  57272  82060  28243  62132  54287  81971  59466  1033  46802  4521  11514  3.40673e+06  1.13872e+06  627244  2.4131e+06  48501  111207  169286  39817  19170  19365  18068  45338  55387  171483  915415  53101  710323  213305  1433  2992  3384  31177  584486  172419  357806  119698  238733  39060  4867  154464  33267  39051  23218  30917  135335  94034  50386  19101  46355  2588  25231  2.97513e+06  336146  1.25588e+06  2.64396e+06  5802  553345  371399  0  
