4287919  
2728799  
617813  
3712739  
4190361  
4408534  
8619068  
14432257  
4326791  
7077442  
3020423  
2224076  
2368118  
3620463  
2804562  
6210032  
8144004  
6284561  
8127821  
8711443  
1390947  
1344950  
4776442  
3576449  
7161477  
2282979  
1681326  
1841998  
7801361  
9733144  
2933813  
9559329  
825417  
7155690  
10987589  
4460013  
6557687  
2451110  
707275  
4554350  
1870996  
4750880  
2227902  
581307  
3329239  
3374518  
4897029  
9293951  
14459947  
4825403  
7280030  
2523980  
2742111  
1971916  
3317912  
2881086  
6278472  
7715621  
6771774  
7874873  
8822489  
1624807  
1159894  
4349566  
3497848  
6967096  
2115077  
1548282  
2139588  
8846055  
10482943  
3555769  
9043408  
963547  
7209521  
10653910  
3202478  
5583674  
2488279  
662860  
3923234  
1653916  
12116895  
