0  1.09034e+06  23845  649144  183236  28825  299903  14784  4648  15349  2930  3956  1345  1169  3152  23299  41422  10194  15128  11137  8653  24097  56385  274384  206407  29100  223412  575667  37404  109505  6532  375841  3914  1.02916e+06  135627  530884  725276  34284  23945  86721  197401  15934  227  1156  18927  170  108  1763  2132  343  413  362  1056  466  393  701  813  1842  4404  1702  4404  982  1103  2635  4836  1654  423  310  549  3630  1065  178  1295  87  634  8006  44678  2381  1069  10697  4268  1515  69377  
748742  0  584  1313  830386  44161  297036  28203  2770  15013  2866  447  525  403  1301  13098  21877  6701  7401  6567  4433  20155  42252  147347  45572  7815  4157  1001  9284  14660  2344  16416  599  20234  443399  844334  428289  45729  9313  38776  15862  10446  1452  2236  9500  521  61  6289  6225  323  538  224  153  193  131  375  408  557  1516  532  2051  522  697  1284  3477  631  176  119  100  818  171  61  315  30  132  12706  41756  1691  1435  1872  2969  1678  179391  
12695  565  0  132486  74  30  94178  60335  72  79  33  1590  84  59  56  59  72  62  90  121  65  182  317  2077  1403  288  208  1368  1002  1094  32  392  2  172  2791  13964  5920  381  1699  840  1613  17936  526  5019  16823  240  5  2118  1655  14  57  9  69  72  47  29  14  20  49  22  89  28  41  105  132  100  12  20  90  336  159  15  96  1  167  217  40945  202  55  1615  64  68  1268  
752908  1007  201109  0  394  253  15605  657685  835  1298  2965  1.32863e+06  89069  73591  46458  1006  1504  1789  2209  49615  15807  4518  3128  18675  14935  4486  12340  171037  31302  46060  869  45052  114  27308  8177  8087  34687  3945  13316  15745  57454  65074  8755  131702  1.04695e+06  3288  143  40803  152407  274  809  2266  229168  36639  17375  4626  598  598  1179  468  7307  1505  2425  1232  2544  991  157  397  1727  3891  1437  144  1436  22  2230  3109  108226  2919  870  22376  1342  1445  6380  
289374  1.16675e+06  602  1220  0  926737  1.09328e+06  140068  29046  66669  9244  274  650  322  3471  55382  168215  20165  39614  18371  2185  8310  39225  31195  16991  4756  5193  1150  83413  96226  47837  62338  3368  228586  811717  866377  306549  58863  3931  44927  17133  801  491  238  763  541  345  9847  13242  2638  1880  715  93  70  192  538  1485  2608  4380  1217  3835  493  472  1253  1748  755  200  198  109  2230  414  218  1072  126  218  12611  4126  2890  2063  1067  3378  1805  411459  
17916  77971  369  669  877625  0  483496  292991  589763  1.78858e+06  12115  248  1415  648  1573  200598  232312  35124  30645  13896  1058  2216  12972  8007  6213  1451  1394  1259  27364  28604  12308  131080  7988  821610  426204  281548  574267  146287  1756  11364  5174  254  310  59  182  792  1355  17262  54100  24160  9742  2093  66  59  383  339  6429  4207  5170  1185  3164  222  164  986  670  510  104  89  71  1544  475  207  1229  147  402  5672  3435  2919  2637  852  2269  1223  324079  
263937  348972  142452  5556  2.10376e+06  733144  0  1.85777e+06  899780  167138  5931  899  1236  692  4383  25700  159398  13317  84787  12504  2348  4618  20838  41975  54010  5386  4980  1772  276097  193842  78213  51365  760  2994  262613  422235  204327  44513  19877  45109  13924  26165  2417  3722  21868  7064  3815  273289  233641  54741  20659  1977  1657  322  424  1019  4832  3768  5712  2946  5124  897  633  2641  1779  1331  404  574  365  5215  1525  809  2020  146  1717  25613  97436  9756  5992  7352  5094  2401  155757  
3536  47341  85760  1.07389e+06  138974  203529  1.76144e+06  0  2.03467e+06  727501  606813  1.05986e+06  1.70024e+06  1.00556e+06  358552  29007  31470  60520  23024  638121  159493  43117  80339  48023  20318  24123  6590  2637  21817  17227  5225  15191  790  2666  625076  525216  439678  224266  5990  62839  16457  31790  36028  41475  98162  27822  22303  583467  3.263e+06  352862  174569  67850  195059  120554  169547  37217  27533  8839  18412  11382  128801  14633  12084  12850  16115  4102  2011  2268  1227  12009  4857  2578  4736  373  6546  127189  194604  50438  38439  15474  26169  8099  544228  
801  2523  138  373  58520  1.32176e+06  878074  1.89537e+06  0  1.72389e+06  5968  192  294  1192  418  15378  28936  18565  116615  4490  281  413  45125  1987  28010  645  2544  220  117761  36112  3399  2609  166  666  121395  73819  93668  63211  1283  6229  4255  296  628  60  139  1849  2962  52579  154402  125602  71679  4514  62  79  261  308  6105  2560  4202  4068  2291  289  155  2811  529  814  115  100  168  3727  1710  365  979  125  847  9090  4079  6874  4682  2603  3680  1247  127378  
8920  49283  826  1776  129456  1.6999e+06  165276  1.31361e+06  1.6938e+06  0  145817  1602  1887  3698  1957  2.77708e+06  225969  66728  54118  20518  1364  1614  39483  6045  13681  2102  2335  1522  41412  30404  11158  242705  29488  601082  697005  318031  995653  527819  4231  16113  13194  986  1500  212  722  2274  1636  18657  114777  40032  233859  33085  274  268  2510  618  103774  14662  15102  3903  7465  555  353  2923  2083  2175  288  295  637  4318  1669  603  3229  335  1475  10936  46481  11608  9055  10339  6253  4574  856749  
198  538  410  13262  1880  1238  11248  800253  4517  234535  0  35669  94698  1.23167e+06  15474  127659  9283  31328  1434  781073  20038  5322  3836  2641  1075  1066  373  268  1672  1001  154  2494  1022  501  24150  7087  7302  8177  1241  4782  2701  1178  1565  1271  1793  2610  2920  12294  247578  12928  237384  427461  10362  13819  98380  8439  185798  62576  92261  6031  157710  3320  1596  3650  2061  1221  620  700  422  5728  2562  1630  12721  2005  3178  31857  42985  13735  13225  5365  11837  4664  44693  
12196  672  4945  770601  471  261  5571  1.29257e+06  884  4613  19907  0  877781  732390  458008  2589  1023  4762  998  376530  114929  27493  1672  43762  8843  13270  5949  26715  7878  5607  94  2977  95  1010  7680  4706  35708  1542  17732  22716  23881  13258  5663  34716  143034  1212  366  24724  197178  763  3283  24654  500334  63885  29932  7889  4231  2297  4312  1650  16843  2725  2741  2245  3025  1246  305  439  837  2747  725  303  944  42  996  13632  29293  5003  2999  19954  2831  1226  12969  
5724  533  1766  61804  712  708  4988  1.19603e+06  2317  8830  60236  940937  0  1.24024e+06  515212  4959  1891  9201  1083  553446  175877  44373  1844  46204  6804  14429  3714  13248  5196  3192  81  1825  133  557  9623  4501  22237  2114  11130  22521  13643  4188  2343  8674  27441  1294  1008  18427  202228  3893  7717  52419  280698  227761  54469  10929  8416  3710  7305  2196  35914  4056  3039  2433  3225  1312  462  375  425  2922  598  270  1072  108  675  11227  13133  3922  2468  9963  3543  982  14673  
3427  613  1368  43400  947  1055  5330  893753  5691  40723  1.50364e+06  502150  896885  0  790275  19719  9043  18627  2064  1.02248e+06  273884  73618  2852  46394  5509  13639  2640  7959  4821  2713  125  2561  515  502  15557  5457  16104  3981  7459  26489  9415  3840  1344  8115  20330  1399  1608  9648  273341  7286  62431  297374  149095  146163  514057  61792  66234  24541  32283  4768  181566  20115  13132  3630  10948  1976  1132  1097  425  5800  1639  873  4913  495  1626  21507  18509  8564  7224  6555  10843  2669  26998  
2156  1270  1337  26480  868  582  3343  146519  1163  3086  20657  190703  253032  612324  0  5161  7275  61421  15012  1.91006e+06  265203  115954  9374  694679  17140  68114  9330  3613  12882  5185  292  6358  987  769  64747  7598  15178  7718  7030  190030  13117  3650  1542  6473  12281  1224  817  7038  56300  1347  3687  19333  42312  39608  188827  398407  8901  15398  36976  20628  256444  24711  18897  11525  17048  7984  2323  2086  712  27252  4169  1918  7359  604  1315  35193  10649  13178  7444  4549  22650  6945  62137  
14035  46275  868  2121  164455  294612  40823  53428  139501  2.35304e+06  100742  1585  1974  3999  3352  0  2.02996e+06  557596  60209  39946  2473  1407  27662  4864  13282  3178  2785  2620  26622  15694  3937  542047  366374  774615  283490  86037  666946  406800  5637  25324  15683  1031  751  157  613  1870  3076  5062  10931  5997  45377  36466  378  315  5020  1516  131972  78381  91322  5462  26404  1582  516  3948  2143  2368  531  580  481  6522  3231  2020  13879  1594  3358  18330  32871  9455  7894  4828  8588  5060  417173  
27704  104199  1876  5916  286623  327006  145523  92368  82605  350541  92354  3102  5332  7775  34853  1.98612e+06  0  574879  1.25622e+06  181715  13081  6232  61480  17723  47174  21342  16064  8541  313492  613232  430247  2.44832e+06  717797  493305  436880  135406  561045  231995  33147  261330  79875  2258  1341  379  1415  2877  3553  8567  19515  9332  15604  21346  822  788  5199  7113  73966  110085  173263  13878  83933  5165  2535  8648  5983  5370  2122  2104  1082  27436  6770  4166  35063  5285  5077  50091  13120  31025  15568  13703  26291  13560  311992  
9999  10613  1191  4657  14193  20710  21211  112988  147774  225918  64173  1082  1478  1717  19001  586592  684463  0  3.2808e+06  759156  74015  7454  1.04226e+06  32214  59230  19104  16525  4229  146166  42825  1693  20073  2968  5717  191905  43374  134066  108716  41719  251746  79718  7932  4324  1215  3046  5152  4674  15261  28173  12212  16230  9247  1197  1170  2489  17842  46883  131648  253596  104456  152648  24390  19450  97895  45678  51827  8218  8050  3202  163477  25177  11578  47906  6847  7843  194316  20825  72407  24951  20301  95990  31076  170130  
22020  38857  2389  9072  73095  31290  313231  161518  386897  150269  10936  1602  2065  1882  17648  84617  1.66274e+06  2.81506e+06  0  104657  6796  4270  1.20395e+06  22892  177821  20087  36596  7966  858220  1.06736e+06  640132  152275  8075  27313  267888  82305  410046  237036  62848  376904  167410  3985  2110  639  2143  2297  1947  13141  22799  9390  8664  2379  715  635  929  10071  6285  35972  77171  52604  77842  13486  12695  62054  29711  29448  4772  4533  1877  86207  12933  5305  14546  1294  2769  105661  10981  48069  11964  17029  49937  19559  187649  
9504  8199  1725  26234  4763  4029  17792  559654  8714  44161  854003  95270  265491  680405  2.41148e+06  97527  43208  1.18196e+06  47143  0  2.02426e+06  830737  79379  964629  66910  182013  43015  6465  88973  29423  1380  22971  4631  4262  300094  39206  92186  61118  38057  486685  69426  10812  7921  3174  7897  10160  8648  32921  236235  19702  36907  125590  44810  54924  325775  202503  86937  204903  433183  154228  2.03097e+06  99202  69939  157825  96735  68445  16775  14558  5188  224990  39418  20695  89002  10995  14121  328549  46141  106093  59060  22381  197732  54231  246705  
1613  1505  227  2372  488  315  2373  27175  377  826  3107  11031  24166  32499  121168  991  1333  97813  3861  877062  0  675289  36592  226634  15201  55199  3588  708  10220  3082  98  2130  225  626  52212  7081  14055  8166  3921  69848  8187  949  561  272  744  450  299  1868  7963  382  885  2269  3275  2659  6821  9723  1506  4225  20922  13050  57804  104578  30192  27248  28186  11941  2974  1440  407  14344  2032  799  2474  192  543  44253  2444  7937  2996  1913  44486  3682  46936  
1622  2299  195  828  237  95  2498  7366  130  311  876  2570  5132  7173  44731  351  362  19041  1176  261901  557275  0  80855  669179  23318  84161  2124  571  5673  1902  47  927  42  336  31247  6331  14628  4196  2750  38929  6208  343  163  82  294  126  78  543  2747  113  264  673  948  923  2182  4144  361  1060  9778  2873  23943  86606  56647  12662  42340  4593  1738  673  152  3801  566  207  693  56  168  21042  699  3181  672  1158  19855  1185  52754  
16195  54679  1853  7679  42784  8663  33984  161630  90994  40108  11253  914  1238  903  9310  7096  6745  695098  904263  84641  33969  187477  0  474541  779163  75488  42601  7243  1.09523e+06  448615  2998  26898  1202  14214  320392  77478  363911  218405  41183  153682  172731  1666  580  265  1216  535  359  3949  11724  3379  3657  1158  361  329  477  14421  1887  4150  21536  10640  70186  14380  25461  65406  77517  25657  6639  2685  756  17941  2599  636  2461  184  619  159445  3499  21772  3612  10386  124506  8843  186651  
32441  40618  3654  6959  2444  688  41582  24840  935  1527  1228  4591  5177  6191  498113  930  991  44027  6294  533886  253992  798694  599718  0  1.86737e+06  697261  29016  9300  78860  27932  203  9053  111  5168  216868  87900  227526  39175  39989  311111  86953  1390  408  299  1359  315  131  1401  3819  284  439  294  1306  1039  1234  8210  557  1310  11226  5864  29855  30286  43214  29288  170806  16255  6957  2844  717  10233  1487  242  1214  75  408  89377  2303  23796  1425  11498  71194  4909  275514  
55101  23601  4139  12687  4285  1379  44627  25163  28960  7984  1949  3438  4680  3652  22986  2657  3985  37208  74590  28376  23212  36935  857882  1.74963e+06  0  1.85579e+06  947697  115068  2.84754e+06  138350  3891  11959  301  9463  202526  61092  220759  74843  77328  509471  302843  1151  367  259  1660  362  214  1789  3929  857  937  370  656  413  339  3340  847  2742  8255  4903  15420  4200  6037  15997  25124  17891  4468  2002  740  15329  2388  378  1783  119  469  45776  3157  39348  2426  24511  36346  9980  270008  
6358  1917  1281  3787  404  131  5355  7675  488  657  603  2717  4268  3196  32558  551  603  10431  2949  21177  24117  27735  46784  365456  1.69454e+06  0  180670  10092  71147  14565  87  3437  63  1319  45838  10396  45992  16808  27147  252903  69640  364  123  115  539  131  75  510  1568  133  248  121  378  204  167  799  288  1235  2370  1396  3604  1137  1355  3382  4499  2658  1261  700  254  4513  815  164  673  32  158  9410  1099  14891  872  9601  8686  2903  382604  
191135  1344  1209  14908  401  231  3928  4509  776  653  610  2101  2434  1636  8132  829  1103  4362  2248  7521  1643  3704  6962  21252  1.02413e+06  275509  0  302494  32810  4634  194  2686  123  36065  76946  5969  51386  28157  8176  437450  324786  989  118  93  1559  134  113  436  1130  165  230  133  452  178  148  479  336  1762  2373  1280  2512  421  346  861  1034  783  499  302  305  5065  857  249  936  45  305  4935  4025  2885  1025  4722  3604  3170  34846  
475813  14214  8235  102595  4491  2583  25663  3854  1713  2810  1545  2766  804  691  1474  7505  18413  3867  6048  4732  1566  5021  14064  48171  87914  13346  221442  0  99580  113205  2966  605300  2891  82751  36069  22671  163451  32717  10930  40747  331892  2715  59  320  8314  69  45  383  740  168  252  201  1104  427  288  305  427  964  1957  591  1828  334  312  906  1375  708  242  179  399  2678  573  99  746  55  435  2381  4874  3071  476  7312  1772  1589  17534  
16387  26942  1405  6857  27052  7428  128871  39470  112580  28563  5813  1396  2235  1767  12616  8103  48586  84072  325585  56075  10450  16948  1.24272e+06  185854  2.56316e+06  80412  61385  164459  0  3.26031e+06  112519  37613  1223  10289  102247  25899  169760  92331  33812  414874  123699  2195  1194  387  1279  1178  972  5603  9248  3299  3066  1075  437  392  862  5218  2773  15993  50715  34889  42405  9919  4291  22339  10489  12213  2287  1794  794  40463  5792  2092  8070  684  1471  34759  6039  26165  7904  10479  18912  13180  89103  
120647  107141  4307  28968  66495  44287  244432  48440  44498  20536  13209  1519  2473  2113  16960  23956  614977  51311  536537  64956  17269  31077  406648  236307  199390  37118  13607  108483  3.24523e+06  0  1.45912e+06  3.77954e+06  2930  145205  147399  55134  305682  140818  29506  278896  95195  2649  792  324  2287  1092  977  4240  7457  2318  2856  2245  502  436  1376  4378  6396  18346  35746  15150  31782  4819  2959  8630  8434  5945  1791  1458  718  25705  4453  1927  8604  784  1463  24064  9956  19629  6370  11392  16701  8772  135638  
9166  18745  297  1613  35783  12921  123355  16571  9575  8486  3310  221  352  358  6796  6882  823346  13918  677810  14063  3141  2262  13712  6761  11576  5448  3490  1312  217071  1.87039e+06  0  1.19026e+06  1402  9346  68689  15865  71890  47628  5363  53615  13336  320  136  51  234  211  212  1052  1801  548  697  542  75  86  264  736  1798  3870  7021  2876  5201  706  364  1280  892  984  280  273  115  4210  708  363  1645  209  262  4055  1241  3835  1370  1645  2850  1586  50185  
581306  180001  8280  91774  138312  175717  99025  84894  19733  239767  65831  3250  3657  3912  36777  522555  1.71069e+06  129241  110548  170444  35970  35378  174071  166855  87222  30103  14816  618281  150393  4.54884e+06  718337  0  652311  1.03642e+06  367103  112592  611552  177817  30198  153364  137708  3817  676  448  7822  1247  1247  4547  11591  3154  4794  7904  1180  801  2842  5205  19280  30595  54314  9434  45961  3800  2699  6672  7230  4095  1398  1276  751  16773  3442  1900  13216  1663  1988  27897  12107  19035  7898  11262  16008  7395  227340  
2822  8484  209  444  15555  10298  2755  8787  941  20602  19808  193  370  654  1612  206883  426257  14982  7032  23138  1064  400  3915  751  1003  567  498  1265  1405  2285  860  510106  0  279086  40761  10297  112265  35096  1124  3025  4198  73  55  18  59  131  158  454  1388  422  809  2565  65  53  630  561  6490  4551  9766  395  8442  234  124  297  228  162  69  93  43  552  171  132  1598  276  236  3945  604  1209  1271  221  1344  706  34506  
866823  302345  2712  43827  763563  1.45286e+06  31208  68991  6547  1.19155e+06  31835  1026  1416  1093  5175  1.60077e+06  1.14637e+06  41493  35261  46371  5077  7908  45639  40777  23447  5345  13563  39684  25330  100172  14286  1.32538e+06  635129  0  137067  79018  1.91776e+06  174299  6450  25206  58918  1651  194  119  5273  338  295  2017  5610  1222  1566  2939  1160  809  1283  1163  7816  8554  17480  1414  13555  739  553  1417  1695  832  210  224  243  2549  720  386  3634  520  625  8311  5863  3269  2671  2957  3794  2060  124382  
30816  145497  18077  29173  246603  161019  407989  2.27944e+06  138262  785508  448535  7439  14969  7811  55887  476440  178378  591124  211587  496244  51787  97433  314117  433542  342286  196008  261435  23017  183729  86597  10246  87367  6743  27663  0  3.54823e+06  476914  481482  171484  2.01782e+06  835598  3307  1935  823  3967  3109  4286  59517  274589  32027  20901  17924  1215  902  3275  5190  13479  10758  24207  10195  33794  4917  4583  17517  20107  12588  11462  5669  2564  23531  3992  1122  5423  536  2064  337327  21776  63087  39929  38486  96472  66687  5.79253e+06  
66227  276316  69723  16689  176753  81161  687466  963389  46169  132890  112167  2063  3623  1180  3768  112265  33872  72095  12572  79787  4759  14272  37987  82692  52499  12942  22907  2608  18348  13635  2657  11111  546  3768  2.75402e+06  0  289868  276902  328131  134692  103754  2065  1022  732  2317  1057  732  21636  70847  3996  4169  5580  298  219  1027  825  2307  1537  3090  1324  5603  653  644  2074  3096  1421  346  255  188  1887  404  192  732  68  303  44625  12716  6975  6824  2780  7204  8593  1.12197e+06  
123052  363617  54756  30258  538903  416010  397047  1.40926e+06  38189  783913  106333  14487  17351  12267  14498  637754  385085  104917  128816  87345  14277  36332  142885  265539  188059  27665  24743  12077  189145  114058  27534  202584  50768  208993  242435  1.20728e+06  0  1.64312e+06  249024  100207  133362  3661  1476  1155  5787  1400  889  20095  55739  7585  9894  6214  2121  1297  1756  1852  9530  10093  19650  3825  15391  1929  2175  8337  9574  4299  857  609  706  7004  1317  555  4272  592  1093  16900  19734  38967  5212  20493  9411  6443  335974  
5274  29180  3139  5153  47334  31895  33963  325524  10272  229546  49885  1225  2845  1333  3632  181693  76763  66314  52403  50318  2756  4829  42947  15709  27930  4992  17393  5399  57994  27770  6051  27398  4775  9532  189973  211853  1.6615e+06  0  52495  45607  209907  567  487  153  643  587  305  5329  19043  2176  3912  3485  129  78  479  600  3805  2863  5730  1327  4877  561  396  2252  2506  2171  437  218  204  3669  670  162  1200  173  320  10771  3652  13873  8952  8205  9789  14779  457638  
28971  11664  43749  33103  511  411  134508  12125  655  2354  1618  18253  12075  11531  8329  2161  1622  2872  2655  10624  3595  4137  8122  27124  24797  8939  9443  8631  14300  8148  166  2715  127  878  97430  403416  155042  64749  0  31519  94358  2322  125  466  3613  201  90  941  1141  177  394  366  720  359  290  467  542  677  1555  710  1655  779  966  3463  4775  3004  1332  569  848  10784  2485  109  992  32  360  6400  17882  28096  1885  39446  5941  6531  52104  
22551  3047  2353  18576  1500  798  13131  58679  2920  3970  10448  27660  36735  27797  163216  7823  9342  61806  19083  164677  34141  33403  36134  176230  266133  878118  1.76388e+06  31420  181809  45930  586  8402  317  7831  1.74419e+06  27164  117035  70481  84303  0  1.18653e+06  3795  1627  1005  3715  2071  1711  6528  16786  2270  4027  3195  3567  2070  2574  9722  8441  33032  50708  22700  50685  7975  7598  23394  26371  22346  17764  9405  3766  59013  10416  4275  15133  1049  2977  159603  11287  70868  16516  55807  145243  34357  165398  
16607  4613  1675  10637  1611  981  10151  11338  2790  6260  3705  4850  4793  4035  11451  6579  6674  13626  11618  17299  5759  24770  53759  129535  358074  113580  864410  124187  149324  64867  960  18674  707  27660  562264  37134  320401  347355  85550  1.09274e+06  0  752  276  167  1336  407  240  1346  2909  469  1153  505  529  295  299  1203  1010  3056  4852  2575  5426  1381  1549  4280  6856  3374  2567  957  792  33575  3987  487  2126  96  402  16356  3087  29613  4578  26043  12911  29701  197391  
1440  765  5585  5737  235  163  10478  10355  591  878  1064  881  309  313  1299  1000  1113  6070  2919  4602  717  1528  1888  2914  1346  726  528  547  1863  949  63  708  77  349  5990  3830  3347  1701  2867  5549  2872  0  1.34353e+06  11378  554154  382803  66519  315419  41266  5158  19444  748  1603  1413  975  5928  11872  51505  27762  14386  13709  6435  5736  131180  41042  47261  2729  23005  76299  74602  226077  131584  867725  1820  1.22903e+06  164349  183845  399688  107619  23265  33613  40464  96499  
1244  1772  14730  21746  533  200  17453  63465  682  1314  574  3243  587  156  469  657  443  1613  778  1492  260  525  579  994  532  277  317  136  570  302  31  226  33  93  3058  2124  1680  921  931  1807  978  850846  0  834  2008  683019  26559  376130  13731  1681  8170  525  173  295  231  3188  4281  8234  8986  3802  5722  2005  1927  36493  12279  12903  1472  6359  3401  15398  27668  14094  93375  445  57751  176693  320560  218461  58991  16188  36005  26407  72996  
416  383  16414  53305  46  14  3241  6809  25  85  13  5228  49  38  27  23  22  18  34  46  12  22  57  283  241  54  48  386  307  362  9  86  1  17  204  806  431  63  247  153  484  11827  106  0  92176  39  10  78906  57792  19  52  9  70  28  19  37  9  27  50  14  62  32  38  256  246  188  20  42  48  134  132  43  59  0  120  783  29115  2280  213  2255  198  182  338  
17043  2077  41439  980782  307  101  25044  136413  267  554  889  224817  27826  20630  10367  286  390  438  527  11265  3790  1180  873  5042  4097  1053  5577  15818  5190  5902  149  4386  41  6238  1570  3504  21331  533  3099  2573  14125  493196  708  86914  0  336  62  3813  616735  100  323  967  1.13483e+06  51960  23274  4254  190  198  417  151  7796  2230  3233  1176  3698  1290  163  439  1842  3107  1177  69  1070  4  2109  1759  74620  3910  240  17469  1155  1542  1384  
99  347  1049  1689  1101  1056  10121  21685  6041  2222  3053  281  833  202  795  2919  2041  4792  1817  4588  425  346  870  796  548  294  150  57  1188  527  60  634  143  65  4724  1839  2152  1624  1087  2822  1185  517711  789443  198  365  0  1.1536e+06  1.16315e+06  130836  20013  130658  3626  133  156  332  11691  37794  59834  31214  16732  24529  8337  2037  53130  7181  13910  2934  5979  2974  104951  57672  75660  146528  4216  560852  359390  261996  323924  171369  4267  36200  17111  205939  
129  295  185  393  2599  5449  24484  59969  36984  7836  4633  197  2718  441  1211  4895  3583  7602  3018  6817  579  414  1596  1021  1071  439  317  91  2786  976  96  932  204  112  11502  4900  4088  2620  1513  4341  1821  80381  93095  155  303  1.47926e+06  0  1.05838e+06  451910  707674  1.9891e+06  6707  184  220  559  15669  102825  160894  47596  40603  34678  10813  2290  64484  7343  23900  3727  5379  4722  199615  116742  90815  203688  10743  1.14057e+06  439024  448002  245744  170851  2734  63401  16749  291222  
1144  5275  21178  32769  36047  26746  287833  297900  98413  13597  6071  4179  3835  527  1251  7880  8139  9090  4694  7493  677  585  2458  1759  1992  556  470  182  6064  2545  638  2026  367  365  25426  17493  16541  5342  1612  5085  2276  151172  420398  100571  3682  1.69986e+06  1.25636e+06  0  1.27346e+06  1.10346e+06  287110  5475  303  323  554  13395  79613  33753  36919  26837  29095  6385  2402  75050  9146  36403  3542  5572  3273  280568  79842  32406  39710  1965  114081  265032  412209  173302  71381  18393  46418  15749  151245  
2999  8243  42015  257621  70939  78143  647532  3.31891e+06  452516  269717  103826  182261  325081  82439  23073  22438  17509  23532  11201  103167  13415  6436  12469  10313  6272  2196  1494  1234  16373  6444  1254  4502  747  849  173709  114334  66427  29370  2814  12160  5412  17949  24967  67986  514585  104019  230841  1.7815e+06  0  1.91018e+06  749238  602609  1.68033e+06  1.17529e+06  966447  397525  87879  41382  79279  61086  684349  154613  123583  66536  152446  19149  28176  18785  6896  43440  22414  29979  44087  2316  157840  504918  775113  676710  365498  19389  184558  33449  555591  
169  399  65  153  5306  16321  73997  85979  156639  23771  5109  74  3034  444  675  4720  6878  10386  4283  6033  404  303  2390  773  1736  348  354  79  5636  1566  208  1399  434  209  16761  5925  5356  2786  1049  4092  1470  1641  2468  64  151  78223  1.30034e+06  1.59766e+06  1.8602e+06  0  2.26126e+06  3657  66  74  227  2994  65849  26298  17784  94551  7644  1080  545  113649  1321  31147  1142  1381  745  324236  133361  14886  6632  321  11817  48352  247444  56442  38059  2873  30036  3762  66819  
213  599  175  364  2275  6354  22483  111218  69627  232852  29505  310  862  3762  1264  50467  14001  13969  4690  11475  719  443  3830  1334  1898  661  446  121  4183  1534  169  2019  517  318  19227  5132  9903  7571  2246  6550  2797  26643  19967  198  543  165312  2.03196e+06  535413  1.40419e+06  2.26269e+06  0  102572  281  328  2922  9702  2.78089e+06  268115  194319  102255  33548  12800  1796  99280  4742  27948  3375  5068  13856  238603  145899  58838  526191  122212  930194  312063  1.06197e+06  420399  418453  18936  263350  54258  448671  
217  635  166  1373  3756  6210  11713  92296  30452  378609  372510  6067  14271  91452  6564  203171  53387  27229  3577  83395  5704  1898  3983  1390  1002  536  252  103  2058  1014  235  4205  1364  837  19705  6100  9428  10482  701  3976  1335  328  465  163  422  1065  1159  5225  515495  2472  117275  0  8346  17851  983387  6663  114514  10681  86706  1665  760705  8594  4231  1420  3614  651  358  314  206  2205  550  528  3378  554  1363  33816  14442  10307  12680  2802  10681  3469  46630  
5159  1382  11475  268362  1308  419  24024  271653  999  3043  7141  520648  383254  198887  83048  986  577  1529  470  92468  30656  7152  717  10781  2689  2196  2928  7903  2654  2011  78  1203  49  1622  4655  4538  18988  844  3293  3163  9692  6892  1391  6624  616257  893  256  11755  993096  685  1455  11770  0  453724  124124  45606  1242  696  1412  480  63323  17403  18220  1144  20210  1129  1327  788  1987  3060  766  157  906  20  1554  5374  43721  3109  1538  41516  2065  1139  5514  
2266  703  6328  58610  1613  1547  16829  260240  4084  8535  18786  67362  482440  232055  41050  3054  1218  1693  524  63607  19418  5220  695  5496  1491  1268  1444  1998  1484  1110  49  661  39  1173  8342  5374  11469  1248  977  2124  4340  4908  397  2683  85693  468  767  9609  1.12908e+06  3833  2779  35574  498239  0  469409  150648  1572  835  2119  576  155242  32045  34909  928  31114  2756  8788  4674  1203  2091  543  180  682  37  851  5484  25162  2488  1487  5722  6872  1145  8602  
1461  1076  7125  49112  2699  3942  14764  202338  16670  123707  139056  46489  62793  663262  214536  89141  30610  17068  2783  307564  77437  24690  3184  14572  1928  3757  946  1055  2578  1429  180  2767  703  1025  13892  5298  9518  5292  1273  6632  3183  3264  575  3703  39212  840  995  5646  1.0624e+06  6587  10874  1.10676e+06  315998  519382  0  462183  17115  8606  24079  2663  849141  125314  96259  2529  71701  1698  1987  1106  466  4607  1115  557  3056  389  1089  14613  29295  6993  5088  2604  7313  2073  21157  
1311  1477  7371  40507  775  461  7814  67036  1460  3701  11806  29229  15203  52680  514774  5375  7172  22717  10334  280974  77436  26705  9976  23402  3330  5254  1318  803  7978  3695  231  3672  650  424  16280  4424  7919  4383  3400  26144  5809  2458  1091  3959  10687  1703  1449  6723  254800  1487  2772  13077  89601  206984  557649  0  3308  24190  57375  18156  1.53186e+06  197113  265058  16306  635825  15542  77240  23117  2734  14013  3331  2782  14251  1068  2163  47126  30304  17871  17565  3376  81150  18746  30088  
338  783  82  259  3209  6190  6015  13404  24524  136151  60834  186  459  1590  954  246208  73001  39329  5331  20485  872  683  3515  1748  1753  973  526  177  3442  1648  362  5845  1942  1107  21432  3853  8923  9290  2849  9376  3182  10970  8582  130  298  38151  70567  32169  93214  83665  2.77056e+06  88081  255  323  5507  7599  0  2.16089e+06  1.02827e+06  46043  44052  8374  1303  29306  3394  7120  2635  3773  7076  39305  31751  38987  545460  645451  636308  200460  387688  410937  373981  11860  230481  66016  329929  
1460  2373  396  1118  3866  5172  8321  18349  18088  33190  77315  1009  1685  2298  14398  118612  101676  134304  28239  104738  5048  2932  8906  13555  12596  7668  3595  1264  22968  11723  1158  18877  5718  2420  53206  8677  30873  19001  31294  66578  31810  20264  21631  782  2772  94269  204338  107057  102798  153107  433879  11434  1795  2306  4738  144628  2.09852e+06  0  1.06526e+06  1.80074e+06  265414  43575  23419  123941  32507  43478  27117  27015  9865  414788  536468  693627  1.89004e+06  530969  368642  288441  132358  250431  153372  29532  224541  93705  183292  
4145  5368  597  1679  5017  5270  10509  25981  25509  34688  95378  872  1544  2319  15297  123686  155051  287756  85834  156082  13481  15122  54100  23380  20832  9581  7462  2082  58501  23140  1922  34131  10653  4387  124094  17869  55064  27720  31806  134858  41116  9154  6472  1072  3088  12088  17435  25329  93265  50069  148187  60226  1338  1389  4872  41117  895062  987853  0  2.85073e+06  958567  102272  52763  894255  51934  128694  20159  13528  4195  261206  72471  21205  45017  4465  23826  212421  33562  149726  76042  20540  119889  73598  158253  
3445  3777  575  1592  1979  1322  8249  18782  7787  6974  11386  1001  1340  1634  14675  10057  17118  132178  77324  72960  11056  6591  39005  23110  22022  8982  6089  1620  47911  16135  941  10285  1661  1533  92102  14015  52452  21634  41626  90561  40699  18996  14108  2074  5428  32267  40360  97122  111474  256315  98968  3633  2027  2050  1975  46061  21915  2.33839e+06  3.682e+06  0  199738  11685  7181  2.02177e+06  24045  281523  27289  22900  7673  991237  1.39063e+06  1.37192e+06  145328  6709  56282  258755  51481  267020  80714  29239  139143  121094  171139  
7587  10258  4402  24871  10158  10852  27503  221519  36772  102722  404185  26399  43868  155282  264388  248923  185480  439602  153987  1.93032e+06  126322  81434  130814  85384  35335  20316  14157  3847  103124  42028  2982  44337  11664  5835  182666  35930  93675  50336  43536  271984  67821  10857  7409  3554  9451  10148  7701  31902  732921  12137  32034  946721  115611  198417  1.11928e+06  1.93038e+06  127584  126239  1.07457e+06  106714  0  1.9963e+06  1.23454e+06  118683  1.03467e+06  67096  115586  57693  10033  237485  40831  17116  70658  7141  14495  284038  53803  121683  65049  27054  361239  68075  187941  
1728  2030  349  1532  680  378  2714  13916  2099  2484  3608  1176  1520  2426  10452  3663  3529  49901  35566  51537  78865  105030  56363  38761  8342  3219  2441  532  16338  4936  237  2251  228  469  36394  5410  15640  6363  6548  49355  9979  2146  1476  374  1107  1704  948  3788  38614  627  1619  2268  7013  9348  11712  131735  1063  7158  147042  10571  1.16399e+06  0  624663  91752  407040  22411  34467  10176  1982  29913  5386  2864  12993  543  3439  87153  6417  28255  10582  4419  81649  17013  32317  
489  621  241  894  228  122  995  4433  539  720  1355  747  719  1092  7113  1168  1098  16226  8939  22532  14143  55657  27551  37430  4060  2193  784  227  4987  1629  65  763  57  145  16662  1717  5330  2337  3482  35762  4406  1707  550  292  1096  475  231  1551  13822  220  447  674  3003  5784  5405  175994  343  3109  35950  5116  554617  558345  0  107992  625996  31998  79068  10772  1907  15782  3004  648  3773  120  573  42447  2557  9170  2481  3698  106398  6192  15084  
1618  1933  447  837  739  1023  6074  14660  7869  3202  4195  448  732  723  10952  3712  3707  42436  29493  36574  15054  36909  80334  49922  12672  4563  2265  595  13396  3806  152  1713  256  387  57073  5088  19594  8452  15882  68934  13989  16234  19872  2627  3234  22160  13123  120030  77254  172000  22723  1820  902  1074  1128  69052  4746  43339  1.39885e+06  1.67934e+06  277811  98637  196522  0  426984  778847  32339  13583  4979  1.2657e+06  594745  96763  45947  781  19225  338098  35460  181762  37763  14588  152668  82858  138261  
867  950  601  1238  323  154  2395  8449  778  1271  2619  854  1202  1402  8687  1845  1486  18945  10898  26131  11590  56832  37205  175179  12590  7967  1579  891  8052  3169  114  1298  114  308  56868  2872  13980  10363  23978  76805  22232  14538  3273  1952  6448  1933  767  9981  31643  880  1604  922  4941  6563  5613  833641  1106  5342  55530  13626  815859  528268  997212  354069  0  1.68584e+06  663859  52103  9599  99738  17184  1443  16499  420  2595  140771  10509  63526  12572  28059  330215  33748  54677  
1132  997  488  824  459  295  2551  6060  1157  1524  2547  579  927  1159  6588  2057  2428  35256  20799  24714  7374  10701  21798  31527  17553  9799  2202  1260  13020  5170  195  2566  279  455  70885  4316  18355  17262  36553  65399  35188  12337  3153  1280  5251  6813  3987  32343  17266  17548  5259  783  3040  2999  1950  67656  1346  8890  127878  76842  74718  54956  73595  766684  1.85929e+06  0  1.89152e+06  420384  48200  2.35525e+06  43566  4035  16828  246  3472  157035  11932  65961  13025  39774  380253  56764  62835  
142  123  78  162  76  40  376  1647  133  269  445  99  199  165  627  348  360  2483  1536  2539  986  1714  2735  5252  3318  2476  354  375  1907  951  24  331  29  57  9773  506  3434  5356  11083  12857  10546  1053  234  78  731  465  248  1439  6289  509  514  180  1011  1031  555  73635  359  1114  15847  3342  44165  36757  50035  32152  402010  1.58032e+06  0  269579  7301  134933  4959  387  3092  64  510  27248  2280  12981  4150  11861  133808  17354  39915  
173  210  110  296  149  83  637  5925  200  485  1368  218  880  424  1234  840  1204  5974  2716  6030  965  1156  1898  3473  1447  1192  478  110  2031  965  77  792  129  94  14553  876  2291  1687  1262  12704  1930  13235  640  83  1007  768  354  1720  22763  514  648  254  1329  1470  497  74861  602  2529  7695  3491  29844  9071  13057  7590  22671  754583  434620  0  324682  11368  1261  366  3425  158  11592  121897  6643  8831  5640  7277  514174  464887  22067  
490  109  1753  1808  31  24  3394  1088  114  573  344  205  258  342  218  286  238  957  434  858  122  138  230  649  471  246  258  307  515  313  26  152  18  121  1819  446  1949  583  997  1682  1295  138463  5208  414  18267  6989  2049  3677  8617  440  4859  332  3158  2885  1678  3059  3922  3630  2842  1565  2489  986  662  5601  2323  44435  3049  194506  0  24105  10496  1578  207241  975  165116  69486  15088  20276  3964  18244  65786  309261  12204  
1656  2146  560  1146  1485  1186  5990  10918  6373  2787  5362  1134  1427  2120  17394  3740  9216  86876  45291  61342  7699  5743  17221  14534  11403  7393  3769  1333  26326  11026  676  7756  1054  1017  58840  8878  25090  16791  25884  65727  32182  20874  7971  1138  5334  121261  58925  322867  31190  182424  41343  1154  1971  1930  1991  41891  5503  79736  137124  380735  85623  21531  19535  1.2666e+06  102927  2.40661e+06  69590  24511  43442  0  2.91903e+06  120138  108590  495  11661  93667  22480  63247  19972  24231  115106  38276  51496  
751  1148  541  875  900  936  5161  10683  6156  2840  4952  617  791  1001  8708  4626  7128  40763  18992  29353  3483  3695  6526  9029  6104  4156  1966  721  11683  5530  402  4586  724  558  27633  4587  13696  8974  15434  34184  17431  49454  32771  1724  6230  230141  187408  516359  53891  292271  162505  1231  1558  1605  1515  26310  25091  620654  109076  649109  58448  26608  14894  699478  86131  118302  11433  9471  21707  3.68925e+06  0  2.22335e+06  3.12478e+06  1155  66135  78153  51462  52072  16425  16058  51054  23159  41587  
340  563  122  279  449  458  2221  5678  3165  1639  2884  224  310  346  4101  3152  4064  21918  10361  13074  1428  670  2204  2069  1955  1297  976  240  5691  2477  202  2106  362  285  12553  2199  6161  3346  3827  14021  5163  7154  10165  244  513  57460  71454  155462  31290  167662  105825  584  223  283  449  9492  11882  1.01934e+06  78737  1.28261e+06  22590  11868  1839  178819  4457  25211  3934  3157  1086  244098  2.23573e+06  0  683634  800  26005  24435  24029  20558  7013  2889  17224  7870  16443  
1041  1414  1225  1826  1528  1374  7770  16668  6164  8802  41448  887  1288  1494  9842  34297  27004  70518  18643  65485  4535  3307  6983  9546  7427  4634  2107  860  12452  6107  500  7810  2041  963  29760  5521  17616  11358  19626  36873  19902  388866  148874  1870  13281  241914  279642  155038  140756  23362  570384  9124  2459  2730  3455  89964  525506  2.06498e+06  280698  181094  191402  109953  17737  408304  55284  85276  21240  17496  291857  494275  3.42436e+06  1.85306e+06  0  752628  1.32528e+06  322870  155586  251698  150586  25267  121919  103924  172543  
42  70  21  56  137  196  435  1144  657  1293  6665  38  80  87  346  5448  3884  7268  837  7198  169  148  396  503  431  196  76  25  515  260  40  668  241  92  1759  350  1125  676  1064  1596  706  4770  3410  33  77  15831  17112  7879  13842  1279  122002  1436  48  67  251  5707  268317  327850  26631  14047  17806  5711  789  6499  2020  2721  1082  961  2827  5996  3241  12567  508335  0  388393  25880  9122  43789  23341  1240  10058  11981  19113  
392  459  511  779  796  865  5407  13805  4559  6676  17325  330  811  595  2338  17466  12015  23365  5279  21872  1376  926  2685  2572  2011  994  563  249  3616  1686  169  2736  827  420  10121  2341  6118  3516  4344  9612  4034  1.41843e+06  289381  1117  6437  1.21296e+06  1.60258e+06  146194  265845  17129  1.7361e+06  12948  882  883  1279  23868  1.51849e+06  945417  169027  82727  77455  40630  4578  154450  14508  40256  6334  17206  145037  114143  153417  223135  2.31436e+06  739642  0  239910  98633  376450  186383  10503  53589  92026  171174  
1884  3816  2255  8433  9055  6235  79014  208102  25886  21036  39123  4350  12173  3349  9800  25109  17800  52581  20172  56877  9601  13700  23392  44573  24745  20785  6475  1386  16585  6494  459  5798  1305  1018  311463  29725  35199  61208  25472  154899  32506  67974  218689  11610  10264  245146  94180  553522  2.06947e+06  32751  404635  102106  3096  5594  8561  229736  238183  149016  467396  170137  463918  138570  54703  470441  221870  181636  140891  415830  189426  335200  56152  24761  111303  11404  46293  0  1.71873e+06  1.07962e+06  694332  126192  2.76863e+06  1.5622e+06  5.13787e+06  
4981  4965  18020  8034  1539  692  63083  74372  2354  4874  11985  2776  2478  1561  1892  13097  4773  7365  1979  11398  845  606  1358  1808  1346  678  395  614  1855  1035  116  973  250  213  7078  26941  4240  2292  3359  4467  3383  160487  365369  56071  53274  214155  30078  736181  748467  16937  179638  18946  1378  2375  2962  29721  103320  30555  37599  13498  51001  9648  4897  20757  17266  15612  11603  40015  6491  28409  9762  5494  21632  836  9096  801601  0  277479  70513  466215  256538  89487  139467  
579  893  1542  2664  1466  1382  14119  43012  8440  16628  13080  1118  1434  884  1808  9968  9284  16982  4718  14869  2296  4328  6576  33023  22338  8864  1702  716  6221  3250  181  2703  711  473  28456  6315  52977  23052  80677  39382  37042  181212  327272  23514  14808  387114  95611  311528  1.30019e+06  16392  372913  56466  1186  1821  2475  16735  373416  107955  119063  70429  64892  13069  6864  131716  29008  45781  6608  14483  9846  116352  20556  22268  77768  6370  99268  473221  353310  0  2.31247e+06  187417  439291  368991  710113  
131  376  356  978  777  684  5136  17124  3614  6648  6868  253  527  329  436  5301  4307  7112  1640  6166  285  336  1072  790  787  382  217  68  1298  527  75  934  286  137  8952  2770  4642  11867  1157  4336  1439  32914  124151  1960  905  161362  36855  78900  529813  7743  248267  33066  86  296  1018  7349  175990  19247  33589  29056  25718  3586  1830  43774  6872  15817  2540  10160  1573  58143  7726  5466  18184  1191  17460  309248  78783  1.85045e+06  0  3734  714724  453912  1.01323e+06  
4919  1876  11288  7573  103  56  35814  3154  258  2031  540  2462  2431  2338  1139  473  346  1104  641  1865  632  882  989  4295  3098  1611  793  2568  2285  1684  40  550  26  266  5534  21526  8820  4594  13623  6825  10290  49942  3277  9911  41176  1480  364  26013  8593  1682  8293  548  23166  16610  5894  2030  2776  927  1918  977  3422  2604  4028  10868  19627  14728  2765  3588  18142  39933  9549  409  5997  41  10438  15440  597171  147062  681  0  13449  34110  2064  
1454  1486  518  2171  985  513  4323  29510  1505  4146  14453  1607  4510  4135  11004  8495  6568  34806  14137  50205  12743  17682  24376  61562  24591  21770  5064  1216  14451  6573  471  4375  550  606  220346  6659  21126  17668  19785  200825  22506  9233  3078  752  4506  3449  2581  11513  131137  2781  41844  9010  5410  6065  4488  327386  36224  13878  46731  18812  101046  31000  43959  60022  99943  171709  251259  1.78374e+06  323985  87979  9257  1693  10379  556  5234  1.56354e+06  51846  195696  239867  179696  0  1.68992e+06  254168  
174  170  118  643  160  123  788  3137  358  1804  1437  202  317  333  993  1406  1094  4256  1945  4017  632  969  1460  3408  2547  2141  656  303  4015  1585  49  594  64  83  12080  1153  3344  6121  5010  12662  11049  8513  4177  423  1504  3056  1034  6448  16237  871  7014  1013  383  459  536  22597  7045  4818  18059  10092  14932  5879  4568  50411  18140  18726  12285  623678  408762  63237  4091  1073  26197  615  39368  599386  59567  110796  102711  66687  1.13887e+06  0  86948  
10245  44622  5363  8890  86778  83135  128049  1.199e+06  85438  700624  287392  1755  7038  3225  19135  539678  142004  286974  88653  199262  18235  25435  125729  118021  115797  135754  24992  3375  91242  38821  6707  42485  5382  15061  3.65144e+06  1.0594e+06  845234  1.93352e+06  25988  177549  105071  27769  97610  3608  2750  105584  55787  179022  1.2125e+06  42525  566428  117198  673  1118  4123  67019  358817  99864  195425  74075  179957  27631  12031  122340  129525  136321  22975  27404  30936  57675  12850  9421  47760  4258  36504  3.4335e+06  266781  1.52003e+06  2.69285e+06  6001  1.02656e+06  410613  0  
