4207963  
2273443  
320005  
3479632  
3919199  
4064234  
6914674  
12357902  
4566900  
7592556  
3147442  
2661543  
2541920  
3838423  
3103147  
5735637  
7415415  
6571679  
7700906  
9292543  
1527885  
1287716  
4220506  
4125172  
7006409  
2130225  
1831029  
1533618  
7119265  
8922869  
2951690  
9100083  
834263  
6228512  
11326341  
4134467  
5979031  
2214571  
679448  
4582266  
2203061  
4231357  
1930919  
286818  
2848303  
3495820  
5198281  
6613793  
13486322  
5367171  
8787647  
2539725  
2307027  
2074186  
3450556  
2753333  
6611662  
7703055  
6953536  
8975317  
9302657  
1752651  
1179371  
5131397  
3907493  
6257092  
1993796  
1719024  
897613  
6703275  
8567433  
3478319  
9047043  
949463  
7472548  
11302781  
3374749  
4865499  
2607545  
771757  
4445859  
2023735  
12477555  
