0  1.5484e+06  34749  849715  200551  22168  487471  19785  1870  17302  1264  159  70  248  2190  27741  39094  30406  11795  23035  10686  47008  56629  152103  25239  5424  4588  191431  89505  298460  10137  390147  2011  1.39642e+06  203050  205348  591046  67054  22209  61405  9911  338  277  308  3710  436  403  1310  2534  529  1696  605  51  28  92  1101  2626  1227  4400  390  5604  1464  1116  1331  1919  343  226  125  448  1202  633  199  1147  55  95  7862  1249  1625  1174  222  1773  884  149530  
1.01047e+06  0  12253  25968  623489  24618  414874  37755  2018  10992  3964  110  64  306  1366  17154  31139  32873  15556  28491  4957  15410  15958  44524  7581  1579  1713  9147  20192  38142  5158  26087  511  23270  923504  1.00773e+06  353453  128867  7281  29488  6880  981  7500  2874  1875  11448  1286  35621  25812  993  2789  545  64  44  98  741  2439  1085  3255  405  3727  1007  830  1314  933  361  174  277  812  919  428  152  894  56  152  18844  4066  2424  2137  380  1677  1926  521924  
49521  9546  0  203914  661  65  177831  68370  64  348  188  67  59  153  301  608  407  1984  394  1958  721  2878  2115  8920  1421  325  441  2197  3209  5656  154  1422  29  177  84601  203013  66890  18033  35252  7391  1703  10547  6209  15956  25273  9122  229  24244  22873  123  368  40  50  36  20  131  234  118  311  62  494  160  126  214  199  163  54  221  411  228  85  15  128  2  22  3874  14174  639  423  440  911  1095  44165  
870058  14620  173497  0  1478  242  20598  809550  270  583  595  922352  24429  31033  24929  915  1033  2704  872  16155  1542  3184  3243  11689  4273  2906  7373  177700  18029  58337  296  90043  72  56531  61488  186302  96472  12685  159960  25363  32677  123378  19982  164408  1.40368e+06  14699  1674  62860  287920  1396  914  182  181511  26191  21512  17198  508  427  1332  429  25616  7156  6218  2093  9840  1535  886  2361  14386  3468  2783  74  3059  22  481  15275  154646  7884  2421  23005  4410  10912  32719  
226667  904487  3725  4399  0  1.49339e+06  1.06177e+06  216982  8814  67508  7128  216  208  778  2380  69306  148155  76750  49445  57558  5593  9029  18144  20887  4643  1402  2224  9488  25077  41807  17514  66028  3128  357519  950061  816496  533317  202278  3003  24686  10362  1091  4546  1768  1397  13269  18877  54180  66338  8151  9173  1495  172  120  252  1429  6426  2338  7042  1069  7528  1841  1435  3008  1609  545  313  291  947  1937  1039  256  2351  109  1856  34017  7238  13956  7408  302  3265  2158  544364  
62997  143256  1000  1487  1.25069e+06  0  422963  443377  292039  1.6888e+06  3464  112  227  463  1466  122628  198208  62885  98966  23480  2344  2206  6897  4924  2165  704  898  3133  27349  50774  17642  135629  8336  930236  223078  205283  254370  106850  1045  7624  3108  727  1172  669  497  4757  41283  24111  73396  43444  31213  1221  62  88  167  897  5573  2114  6723  1962  5666  1036  839  3339  996  723  241  175  773  2845  1254  269  2674  105  2965  21003  8102  20775  8331  109  2634  1123  199268  
546515  595448  184141  46171  1.43106e+06  618047  0  2.29278e+06  1.40217e+06  117424  6330  501  391  1366  3020  28343  82747  84800  150965  50579  7135  20841  33849  61695  15703  2882  2969  12022  159558  131200  13561  20487  728  6572  957885  1.05781e+06  464633  156102  24690  48158  10279  6419  32625  15845  11669  92250  106614  306932  275235  42750  31697  905  530  234  216  1843  6532  4315  9334  3053  8492  2348  2171  8968  2639  1723  478  638  3067  6561  3396  639  7881  131  11413  82011  38127  70009  22003  992  6110  3998  495056  
14990  50983  104309  1.14164e+06  130294  157530  1.65078e+06  0  1.62848e+06  547102  644503  1.06805e+06  1.35766e+06  1.04547e+06  486187  32319  24717  78030  37870  585102  20045  15612  25633  43391  49169  51638  39512  16291  34261  29808  9954  20095  846  29784  483223  370823  608409  255884  21685  87388  8701  57084  60260  146240  316167  106127  197538  414285  1.96846e+06  198959  244586  14643  217694  86287  40216  48735  17788  5710  22945  12903  101057  20340  15165  19378  22588  4938  3509  1931  6265  14561  5929  891  11804  207  15701  195520  99868  139143  64855  6203  16964  8481  434791  
1231  5521  290  394  17213  420223  990815  1.74263e+06  0  1.48307e+06  499  15  18  68  270  6628  35475  51653  151399  4412  571  701  37506  2449  45166  8061  2385  1154  113706  50678  3519  4988  171  2128  29778  23198  31685  16395  392  6097  755  399  587  258  117  1970  35115  11731  49069  44831  31642  204  11  19  27  253  1422  711  2587  1564  1830  423  378  2656  432  555  82  95  514  2376  868  118  1494  19  2014  10714  6752  15026  5130  48  1198  540  33801  
33968  67087  1509  1684  132023  1.36293e+06  161489  1.08851e+06  1.36025e+06  0  37612  178  224  1306  1506  2.23861e+06  116600  79657  82389  27278  2918  1796  14105  3397  8121  1683  1742  5541  48458  41799  10925  302847  114623  630611  339484  258390  560568  368246  2260  14947  7836  491  778  475  409  1858  19711  8359  217309  67000  244614  22232  84  126  704  813  13292  1800  9762  4731  7355  1249  963  3401  922  934  228  246  747  3431  1228  204  2064  121  1573  27250  10653  22022  14960  108  6267  2098  441304  
309  915  244  804  1090  668  1258  743299  435  164746  0  645  4288  1.07065e+06  54381  164535  3775  32204  428  834616  2705  487  152  795  882  1268  1196  566  689  604  165  2693  557  1242  14355  5043  9236  7971  235  2509  494  425  561  328  424  1226  2275  1883  255200  3536  199114  106679  531  923  15590  5725  81627  5461  22023  1580  52347  10873  2997  1051  2574  513  936  403  553  1401  726  271  3083  494  1963  15484  7785  10262  6683  119  4858  857  21101  
1270  1028  3954  850647  1246  195  11214  1.09576e+06  239  489  1755  0  578817  395216  181861  872  598  2221  391  103909  4446  3126  615  6863  3465  6605  9193  17704  4876  5688  60  1494  57  1197  35306  16795  7031  5242  72271  24377  28693  11113  2428  12899  196724  4681  1237  14582  274327  881  703  1756  927624  216836  128540  89107  1470  554  1693  266  139638  34943  31241  1501  42158  1350  2848  2036  6884  1775  1252  90  1661  25  380  16688  15119  6186  3642  9540  6211  7794  17203  
513  634  2901  47420  658  262  4399  1.04015e+06  259  589  2194  526031  0  627146  197966  1026  585  2020  232  180340  4707  2044  307  5457  3562  7221  6495  5985  1983  1977  33  795  47  468  14282  6921  4750  3270  21684  13858  8126  4827  1591  6315  48107  1946  1824  7280  155170  1379  989  3928  173035  347047  68834  46288  3141  472  1907  203  96688  18549  11340  826  15912  812  2864  1175  2049  830  500  64  799  22  315  12721  7148  5403  3309  2252  5961  2683  9697  
507  958  1814  60065  1115  840  3657  920704  498  8072  892418  334513  780703  0  620405  28358  4175  22480  505  792275  9795  2818  422  6630  3430  6441  6637  4825  1931  1944  191  2767  435  998  26561  10118  9796  6330  16604  17211  5930  6856  1212  6779  64796  1597  4473  6161  122392  4970  22734  26400  87736  82932  258175  89363  34290  3232  12705  830  132261  29999  16003  1293  15353  1042  2895  1406  1924  1393  728  140  2008  263  839  16836  7603  5968  3151  1942  10008  2795  15926  
1322  1782  1576  21183  1411  1060  3047  262966  404  1419  15498  49449  56454  448013  0  6438  11908  66799  3096  1.87192e+06  113569  183572  2563  681496  27370  113773  90384  16200  5247  4894  618  13969  1700  4553  62738  8282  18064  8877  1921  162127  4968  2363  1039  2855  13444  1438  3187  4728  42804  4015  6481  7765  16745  10209  52749  335123  32197  9074  43326  2708  207113  31000  20985  4645  18114  1227  2003  621  893  3571  2373  1250  8071  767  924  32130  6851  5457  4911  467  8822  1655  26106  
37106  80142  1208  1758  138411  131900  78662  90467  86871  2.25772e+06  82349  239  207  1671  2364  0  1.75192e+06  625671  223549  55497  2121  1238  12738  2587  5010  949  1264  7975  63584  41872  14139  168967  105201  631518  266592  51973  509244  306463  2002  11820  10128  489  742  390  478  1652  3149  3839  21688  6069  84719  26677  161  179  1360  1987  108107  16623  38183  2931  25667  4851  1912  2367  1710  813  511  271  673  2809  1618  706  7030  1459  1891  17765  6122  7719  6715  120  6465  2345  375315  
45340  110470  4021  5077  192643  109492  112575  69671  88817  144848  15661  840  819  5051  35737  2.07203e+06  0  757642  1.73518e+06  398457  23974  7393  18632  14008  18955  11816  14364  28230  124378  333000  255501  1.62274e+06  419633  501228  202242  56832  445531  99939  8870  91539  19557  2074  2082  1578  1572  3708  4773  8906  22921  10082  52730  37632  684  726  4471  26066  166883  42735  153534  10433  143519  22537  12035  9452  16137  3654  5232  1703  3077  15149  10681  5781  32209  3105  3636  102322  18546  17352  17836  893  26139  5777  168029  
28967  29231  9011  11475  20138  36636  60030  137626  158658  173791  46624  509  252  1578  8246  906853  512998  0  2.86981e+06  611304  57305  19389  573101  55827  115877  14058  7406  38453  138873  104927  6121  144386  6192  36810  206279  33398  205265  83928  17606  187414  27431  5239  2371  3417  3282  3153  3454  9227  25558  13575  22720  6918  305  218  845  17906  53652  40820  159784  13188  140071  28307  38735  59369  32335  11534  4774  2032  6885  52615  25673  8678  40336  2536  2501  141541  12564  24688  13079  1275  62626  6745  150229  
35818  40400  9251  11680  28454  49950  168411  155814  284648  53693  1497  570  287  762  11683  225520  2.51495e+06  2.63101e+06  0  128391  12695  7756  1.02889e+06  18675  153529  23681  17303  45796  794757  1.68022e+06  887458  270237  8491  69028  173257  31692  278442  111531  20995  183309  35205  2595  1411  1883  2020  2016  3382  6542  20086  6630  16771  1366  208  131  331  15230  7772  16013  61506  5386  70020  10033  9197  15211  11429  4654  3322  1119  3500  24555  12718  4327  17437  537  1049  50318  8284  14131  9140  889  23459  4075  144902  
13247  12285  5609  14821  5392  3970  15896  454051  2582  20033  694068  19168  44755  510075  2.46359e+06  101961  50541  956869  44661  0  1.24602e+06  496779  23455  776644  61661  117719  96315  48034  58555  49995  4082  93990  8093  21916  308727  33459  101005  36884  9899  506660  20809  14304  6976  11181  11294  8854  10504  24687  77819  21990  62062  65951  6170  6425  19429  135927  250423  89335  385547  25509  748964  155970  137110  172875  115023  32753  16901  5778  16948  145430  56239  15483  92108  6809  7004  286828  42242  61377  31764  3237  139215  16051  131878  
1985  1588  509  948  354  88  1394  4802  76  174  85  407  214  1767  53840  165  599  129960  2348  791647  0  629817  42983  277168  5652  19850  8122  5146  3438  4428  342  8036  178  1904  73448  1553  12966  4556  1253  99557  3347  467  217  350  386  214  88  583  1485  146  200  115  353  332  362  3952  431  229  8193  525  33520  75629  59357  25219  23694  3570  835  412  528  6372  1123  83  1141  17  51  31038  736  1726  313  85  23243  544  9278  
5047  3912  1098  1690  522  93  3205  5304  70  109  39  163  86  602  49264  83  379  68938  690  244135  529360  0  25570  611835  3688  16156  3576  5032  3310  8047  261  11228  138  1967  38371  1572  21964  4949  1858  41565  3087  176  107  152  229  114  48  324  664  39  84  41  118  108  117  1009  112  57  1437  162  10314  45445  35928  9130  26804  1357  309  171  271  779  305  19  442  2  17  14627  265  1069  209  65  10662  334  7855  
50444  37678  6253  9731  6313  1836  26334  50077  50672  4293  316  367  170  619  3307  854  3376  603695  935786  52866  45035  21762  0  228996  597835  34178  17791  32887  1.1943e+06  425544  3127  150608  497  31251  125991  9134  182822  39508  13264  96943  22479  638  350  511  799  408  312  1279  3309  460  2315  102  98  52  81  7752  543  503  14135  859  74881  29712  52379  70592  44125  4217  1105  661  798  8539  1451  156  1569  31  78  81377  1018  3453  776  247  24832  1186  51934  
26156  15795  7126  10287  1508  217  17263  26876  2402  569  126  736  389  2797  581349  292  1429  148185  5273  675763  298337  892891  295437  0  1.29644e+06  433553  62171  34586  55564  79831  965  46531  306  3542  100654  5370  86582  11935  7421  260646  10218  485  185  388  844  219  133  787  2354  162  712  168  371  255  331  2561  607  220  2989  357  15959  13691  17212  27381  101471  2515  678  380  547  1933  632  57  861  16  61  21140  709  1978  404  171  16088  752  22136  
18011  10136  5201  7934  1386  530  14786  45648  24411  2343  192  903  466  3324  30187  432  1699  119330  63968  40431  12122  17187  683079  1.41487e+06  0  1.38069e+06  923368  281073  2.92846e+06  133470  857  36177  233  4558  51275  7570  69397  13268  6873  617124  38434  227  168  231  637  209  223  669  4398  494  2928  451  198  86  172  921  1483  1097  4736  507  6545  1961  2329  2919  2819  2099  280  172  276  1281  557  247  1162  60  75  8069  946  1510  928  159  4130  577  23424  
2976  662  987  2375  171  71  1975  11786  4844  429  48  404  248  1617  43238  108  360  11055  7692  27426  11391  22331  22613  311743  1.2087e+06  0  420520  38118  64338  27403  143  5460  67  716  8720  1282  12256  2325  2406  423426  7430  61  26  57  247  39  60  100  1395  68  837  82  72  38  29  144  231  62  415  84  810  285  326  396  415  112  28  17  52  149  60  12  116  4  14  962  176  393  132  60  595  91  14272  
5308  425  679  9600  154  49  1003  13458  209  261  152  1919  807  4540  62071  261  865  8011  1106  42068  10829  11425  3400  51582  769050  376326  0  467119  13083  9115  90  2500  122  1317  73482  4851  22773  15658  11728  727623  393427  173  92  182  1279  124  124  385  2355  162  360  609  272  107  227  666  1779  488  1718  152  3819  1087  894  756  979  406  198  129  243  352  201  90  500  32  54  4411  808  870  442  275  2573  545  33398  
282704  9019  10407  303038  2732  475  15039  13745  807  2530  693  6023  1692  2223  7894  5171  8286  23181  7477  24851  8588  16116  24266  47093  152029  26278  493020  0  199518  259720  1679  423527  485  57780  202864  27136  371764  89718  95916  294797  665723  2893  265  463  17588  353  257  1022  3057  429  1082  473  1572  920  872  1290  1915  1479  5235  856  5947  1540  1311  2978  2055  884  311  743  3983  2769  2132  271  3054  69  177  7759  8794  10750  2275  7174  3109  4915  94711  
32865  22888  7624  12058  23135  13543  90369  52187  102467  11784  1084  549  263  1010  8876  9415  57334  123364  208277  57504  20779  48225  1.49318e+06  148135  3.07333e+06  52158  43750  440177  0  3.45242e+06  223617  90126  1771  19908  163219  22018  179133  80674  11934  373444  36096  995  626  767  1080  960  1755  3115  8470  3448  7262  1968  114  73  232  5063  8657  5412  24103  1810  27893  8304  7259  10598  6469  2471  1230  458  1282  9563  3613  1279  5955  210  500  20524  3673  6293  4059  379  7776  1761  126306  
104705  56446  13667  24788  84664  35653  151302  83885  101588  17295  2504  855  520  2071  17004  23151  573353  186341  734613  124836  51416  103984  598616  254541  103811  18183  11080  321684  3.78736e+06  0  1.91547e+06  3.24615e+06  4053  44146  276957  40899  369801  152903  19723  247333  55002  1252  1136  1093  1630  1922  3136  5785  15005  5789  14664  6840  279  220  978  12569  33253  14883  55262  4016  57972  9266  6475  7209  9835  2175  2562  770  1851  9389  5767  2611  13388  894  1184  45617  8231  11158  9814  728  14222  3769  238680  
8059  14364  916  1288  34986  16210  35789  19390  14878  5498  1022  126  105  491  4220  10530  701705  51225  636904  35004  14648  6045  25892  7838  9923  2683  2352  4869  168540  1.97245e+06  0  827686  1431  13136  57391  8593  74998  44788  1392  13169  4941  352  295  285  257  514  784  1575  3092  1228  4989  2924  66  53  309  4527  12164  3694  13006  812  16342  1924  1322  1229  2579  591  832  237  475  2497  1522  617  3150  210  372  10643  2056  2396  2398  139  3833  853  72474  
513332  96499  13421  81425  122228  130856  58955  95834  26716  242656  4558  1280  862  4395  45555  242428  1.51539e+06  436496  244519  395178  130194  116061  374168  229527  93186  27084  23968  417334  159259  3.58113e+06  663395  0  686084  1.20524e+06  271589  58950  810125  124776  27406  166901  50256  2632  2855  2188  2938  4429  4391  10096  26997  9877  21668  15644  627  574  2751  28201  84241  49038  180309  13068  174869  24968  16958  15230  21590  4811  6452  2140  4099  18002  13662  7968  43605  3261  3236  163281  25264  23124  27493  1639  35964  8850  229109  
4715  7872  155  220  9923  5125  1637  4418  180  53071  639  81  93  479  1842  56101  191960  16739  4396  26126  1514  551  1141  1070  1145  632  690  1853  4792  3339  1535  496360  0  308523  6484  2577  52695  6197  355  1912  1020  80  86  60  82  158  226  450  1320  441  2177  2606  60  70  378  1165  11851  2383  8688  437  9448  2220  1098  632  1053  167  271  75  120  567  332  167  1526  224  222  6691  1218  767  787  33  1159  255  7533  
1.53282e+06  449676  1466  38441  867084  1.26254e+06  36726  71730  3425  853460  4266  387  260  1169  6321  1.14168e+06  894360  105733  43126  108261  12761  11325  37798  24265  13620  3889  3827  29839  49653  80574  37226  1.05441e+06  637307  0  56194  33019  1.06103e+06  36068  3830  15620  24290  360  434  332  607  871  2039  2554  7070  2494  7954  6342  153  150  891  3928  27342  6497  23023  1533  25371  5480  3434  3090  3563  702  882  327  513  2393  1388  731  4716  490  676  19694  3445  3367  3073  171  4391  1002  49349  
120567  365466  386611  256243  132684  41108  791936  1.87569e+06  29332  432617  77520  12868  6855  26046  57612  293891  119646  570601  106707  604845  106647  91452  164650  146840  66435  18473  180088  429884  319381  355739  8929  133005  7695  24100  0  4.51144e+06  479620  437504  340749  2.0325e+06  644234  6737  16579  12293  20339  29100  31023  103117  213804  28982  40903  6061  3615  1758  1803  10105  24049  13238  41484  6234  52446  15209  17080  25073  15443  7036  2852  3546  9018  11027  5050  1704  11115  492  2852  285527  28851  36013  21427  3812  39355  25841  5.07127e+06  
113495  449741  468174  313051  100148  11055  854494  650526  8078  70211  51369  1159  1084  4438  7412  124749  45258  177689  15616  205175  11886  6759  10915  11280  9770  2843  14549  38007  43142  35356  1950  22333  2846  10679  2.93507e+06  0  207717  260374  463321  149163  48051  4931  9217  8042  20644  12753  6946  46894  79413  5859  14617  3917  654  389  740  2224  10604  2913  9781  1207  12813  3581  2948  4385  2694  867  474  520  1408  2314  988  291  2301  192  654  41074  12693  8007  5721  951  4942  4104  874629  
220038  364358  217137  204182  477763  66488  495094  1.92184e+06  9053  545727  132549  7081  7198  18715  25822  507615  206297  270158  118091  221461  33397  35405  94056  82980  39192  13901  14818  111842  171438  195912  49698  135864  5987  147462  325147  1.0447e+06  0  2.14356e+06  720373  90558  112438  4830  7515  7565  19530  13760  13642  46776  127703  13079  38361  8744  3803  2024  1736  5749  22788  6691  25070  3590  31540  7562  6075  9417  6588  2094  1192  1151  3960  6176  3266  956  7567  492  1537  45431  17208  31549  13982  4509  10508  7940  358066  
6251  33087  18643  13281  56885  15452  71065  456137  3257  182225  31243  1318  1211  3603  6177  146537  48270  103498  52802  93229  11458  5066  17261  6972  8639  3074  4949  17519  38742  36219  10546  25745  1957  9118  151288  213816  1.55741e+06  0  64639  21789  49980  841  1812  1456  2243  3243  3596  9553  31309  3905  13406  3138  549  331  480  1901  9117  2479  9463  1262  11738  2734  2393  3574  2288  661  542  275  870  2233  1105  361  2592  163  385  14793  4293  14052  15755  481  8357  3855  683182  
57595  1785  75021  121272  243  86  16720  7325  321  576  419  3714  978  890  975  1311  1691  9432  2633  8221  2930  5055  9192  16938  7710  4073  8508  73760  30124  42881  309  6818  104  3284  104403  389449  431034  81009  0  46078  112037  485  239  395  7826  372  111  865  1141  188  458  92  228  73  87  432  575  713  2619  1074  2038  1123  903  3513  1046  711  167  566  2258  1487  1085  159  2139  59  136  7712  1444  20526  3480  2836  2123  4850  49486  
15222  3299  7438  16433  649  213  10835  28873  1471  2062  470  4362  1672  15869  90642  1085  2976  44271  8989  118511  43581  58197  24125  210303  233979  214720  942468  409276  213863  171184  874  24995  249  2374  1.36104e+06  53834  64326  20670  23996  0  1.37467e+06  971  923  1187  2426  986  452  2619  6511  1379  1889  1084  905  283  481  4097  3928  5623  22567  2368  24394  6573  10336  10452  11104  5775  1590  1465  2736  4228  2892  1350  5787  195  344  45518  3887  8987  4946  1358  42967  7964  132775  
6652  1489  2862  11806  540  156  3477  6417  366  1428  455  7443  2235  2313  2314  1884  1546  10729  3215  7517  4006  2938  9330  4086  5355  5705  883948  696073  82357  47071  193  9859  101  7659  509819  32142  61444  97305  38604  1.33558e+06  0  294  324  356  1535  367  125  985  1456  158  508  111  546  157  146  351  526  397  1455  225  1611  412  390  717  430  298  80  192  720  533  342  67  636  25  38  5239  814  2497  1036  443  2495  3481  154495  
816  952  3644  16650  459  298  4338  8123  462  1363  499  845  148  154  435  1477  2088  5019  1512  5824  1315  1152  503  1016  197  58  165  994  954  1017  149  2524  215  949  7975  6313  3101  2264  996  1455  658  0  1.38042e+06  106931  930591  249348  33758  644356  38477  9732  21638  745  3152  2094  1685  7185  15944  24104  37733  22848  25786  17829  25995  172010  55510  23585  3149  13790  119876  60075  87461  5047  621481  931  1.04129e+06  426240  422311  487375  56856  200753  34480  22360  200216  
938  8427  21501  37799  2075  367  32595  32797  425  487  175  47  35  77  221  492  649  1664  488  1989  522  465  270  562  101  33  200  376  383  388  44  768  83  217  12676  5739  1820  1742  374  2895  537  952731  0  6381  5163  679420  22305  346928  15143  3332  7728  286  90  66  93  2894  6337  4853  13894  5736  12403  6365  8138  46719  14472  10119  1424  3170  9234  18089  21234  1503  56349  264  32876  404088  464565  115228  41726  5406  28823  9466  84476  
993  2520  18913  50116  453  75  11686  22704  105  99  44  181  108  134  151  76  109  315  80  379  97  118  119  197  34  16  48  105  80  126  14  125  9  30  4572  10313  725  412  470  869  137  56570  4881  0  210299  2130  1091  145874  82096  546  902  36  123  195  63  894  838  506  1783  601  2579  1082  1317  5275  2986  2641  440  1296  3276  3352  1968  82  1953  41  313  89715  211921  23985  4857  27935  8998  4327  30168  
13903  7805  72540  1.37603e+06  1259  171  40527  247073  170  309  723  263182  8927  9586  7711  431  466  1132  319  5463  720  787  511  1628  684  684  2064  16780  2809  5648  62  2392  33  3484  18548  107217  10521  2854  35260  5696  10432  914226  4723  179196  0  4244  1154  15002  857564  1298  1324  211  1.08958e+06  44820  34354  21870  1010  932  2838  1387  33973  10585  9804  9316  17608  5398  1387  7849  63173  14475  13727  155  15884  77  7073  48896  272758  42106  3581  149954  9249  20268  28753  
1607  16927  28226  29207  10215  2749  104265  80478  3047  2363  600  195  97  177  400  1592  1438  3208  958  3716  953  643  432  876  182  52  166  445  922  987  152  1351  135  424  29825  20981  7309  5678  498  2484  624  358215  796522  4507  3702  0  896292  885926  63232  38615  65235  1179  318  164  194  3987  32685  17725  32800  11477  22516  11461  12285  61915  14028  10846  1652  2052  11399  60447  26636  2753  42875  884  212405  672226  353023  330275  132962  1571  30527  11233  163713  
679  4482  1273  1516  17694  32825  101642  160164  51197  15826  1662  70  143  202  389  3012  3025  4452  2843  4916  682  509  837  717  301  83  120  428  5458  5424  798  2155  168  1574  39039  22443  31775  16884  383  1294  621  38952  71427  4069  1713  1.34614e+06  0  677887  194404  431221  1.17321e+06  1916  173  189  445  3448  56419  34007  27948  10760  17480  7054  6898  38403  7433  8492  1110  1728  12972  97978  66665  7798  123638  2182  766705  368997  364139  345019  112715  992  31558  11011  170552  
6863  83008  114818  151818  49985  13358  511219  421998  13943  5521  1012  849  496  766  1009  2890  2961  6676  2570  7178  1174  1363  1536  2291  561  202  520  1472  2837  3173  434  2232  161  1042  140105  109982  35877  21981  1760  7324  2039  388451  345471  228320  30947  1.58209e+06  1.00351e+06  0  1.99056e+06  1.14126e+06  88508  1954  1029  788  560  6702  70433  10907  40915  33981  24893  10779  12325  165155  20868  41075  4880  5505  12704  278277  60125  1230  20337  327  9917  514506  640139  161521  54964  21951  36861  12112  199455  
10273  87998  103474  367606  85138  67883  703659  2.4943e+06  145042  503946  115249  89364  52459  39063  33267  19251  10273  22567  13798  40114  4894  3973  6411  7051  6675  4214  3819  4920  19591  17094  2243  7677  556  6184  370174  295088  178969  114210  8749  16266  5099  33184  45703  125266  945922  118467  161238  2.15e+06  0  1.74753e+06  636413  593157  1.02821e+06  843441  1.0475e+06  263284  33641  12776  78854  60715  535186  150000  79703  47725  151123  16612  40502  10097  17160  29479  11726  1526  25984  470  30656  509137  539934  400614  210375  13065  77884  21386  438686  
637  2511  608  753  7320  19574  40458  163424  57128  45704  1353  17  44  148  185  1652  2172  3200  2754  2978  228  189  911  351  720  169  109  286  4558  3843  606  1897  157  1361  23160  11132  28082  15011  161  773  328  2135  4737  4089  804  89484  528277  1.32762e+06  1.57729e+06  0  1.61778e+06  1151  27  44  156  893  39103  10320  59734  133270  6486  1280  698  90085  1474  21587  1842  1836  2310  232683  73895  634  3783  63  1760  22293  38903  18940  10930  243  4182  1223  36051  
989  4492  1052  1373  8159  12829  31580  218651  36955  247293  21215  80  96  479  482  26856  6194  8898  6872  7955  640  383  2643  607  3248  730  263  704  8895  6678  607  3443  555  2341  42612  27860  49458  37564  783  2074  1232  19329  18838  3481  2520  80240  1.26964e+06  116649  1.03862e+06  1.35713e+06  0  74412  404  280  1062  2819  2.13954e+06  125277  74051  108974  17983  5547  3872  86210  3323  14448  1593  2879  18569  181276  108589  8149  316600  45920  862970  229910  551177  505374  331551  1208  131253  20843  334724  
621  1901  426  920  2417  1341  4280  29935  1934  144805  107521  868  2301  4849  1538  89699  17484  12145  1345  22741  406  131  362  222  417  191  235  500  2120  1628  615  6752  1780  2767  21399  12667  12521  11053  493  921  762  347  438  452  923  889  923  2025  607990  516  268924  0  2121  16012  638013  1352  76569  642  34016  190  352541  4617  1344  475  1320  215  267  156  427  597  283  87  900  93  557  7808  2909  4672  3824  69  2158  774  22219  
1105  1398  5578  309305  1736  281  16716  312829  314  945  5641  811849  231136  151777  82751  1154  663  1837  409  43526  5553  4172  358  5319  1601  3169  3829  4835  1466  2059  64  991  56  477  27049  23960  6029  3757  14106  10067  5693  15693  2034  9773  766274  3872  1040  11515  964760  783  861  2504  0  672013  330774  176155  1032  899  2519  570  352603  106910  93440  3403  114316  3549  6798  6167  22027  4462  2970  169  3914  35  1193  19841  19383  11114  4117  85576  12418  23736  18649  
555  1543  3814  42832  1547  868  12162  182600  1468  2657  7410  138249  324573  115483  42311  1260  661  1825  543  33028  2399  1369  239  2076  847  1592  1581  1390  823  999  65  815  64  287  13176  12198  5786  3565  2213  3727  875  7852  2049  5897  65316  4102  1470  9301  1.16484e+06  820  1084  8882  496486  0  424639  111594  1113  532  2128  359  311787  79845  43904  2018  62885  2523  12227  3766  10091  2716  1716  115  2129  18  492  19850  15873  9346  5297  26667  14435  7501  13532  
909  1339  2391  48045  1660  1841  5816  94719  3305  46728  62161  62889  75908  265545  34263  45032  10017  13218  1581  49378  3547  1877  403  1763  621  635  749  1439  2280  2112  442  5852  1109  2003  18300  14079  9847  7254  2002  2436  1077  4028  563  1638  39273  1208  1562  3415  854355  1094  16250  727368  175500  354682  0  557305  23337  908  16664  278  1.05492e+06  128188  62462  1589  40964  1325  2397  1417  6474  2968  1680  171  2218  59  424  13961  9252  5816  3184  10440  8465  3929  17069  
898  1211  2017  29473  804  339  4424  41666  421  1312  7298  29507  15309  49929  229369  9503  7101  17663  3391  140288  10570  5541  1049  7143  911  1054  1178  1275  2220  2216  403  7268  854  1954  17887  8515  6280  3377  1355  5732  1139  4034  3313  4444  27887  4786  2634  10987  161962  1264  4865  2279  87447  90289  408649  0  5596  16909  22698  2525  1.46012e+06  281642  226688  11126  738639  30450  166369  41047  10077  16939  13386  6871  17612  311  804  168715  32974  14701  18784  3085  239171  21003  46358  
1206  2647  795  1265  2574  1284  6016  16287  2279  29210  13525  120  87  667  2196  97151  41291  30099  2818  39340  900  329  943  503  883  218  285  1100  5959  4138  1446  26943  7029  9813  25171  11756  14650  11744  1227  1714  1530  13353  17175  2496  2602  40671  49962  46202  80881  59684  2.06986e+06  45951  634  419  2371  2307  0  1.84501e+06  571667  38758  15869  2961  1945  24276  1975  4086  640  2556  28586  47612  42995  12514  600726  330910  722739  246712  133371  567439  363920  1385  122442  35727  338999  
1698  3115  981  1385  2470  1306  7036  17134  2367  6109  10008  167  118  839  7832  50462  40013  68599  7810  98589  2563  670  1411  982  1524  388  600  2067  8133  6744  1693  38674  6028  10245  46056  15428  17941  11460  1762  5890  2742  12746  19842  4597  2879  45516  91724  70975  55156  76966  290284  2577  564  354  776  49748  1.74161e+06  0  625955  1.56516e+06  90054  8115  5260  93608  28539  13716  11788  3374  20131  201220  608161  502590  1.89424e+06  385388  290499  282471  51120  304086  185744  3034  79699  39381  285888  
4253  5591  1644  2178  3433  1526  8114  19938  2674  8497  7531  208  153  618  7849  53965  70954  130179  21595  143985  12037  5124  11929  14130  3918  683  933  5398  18695  16740  3234  86643  11372  21300  84929  19024  37206  17054  3843  21094  5409  10874  17048  7437  5008  22145  7491  27158  95321  74580  78942  14184  572  477  1360  9075  815695  512390  0  2.71426e+06  587268  161656  39023  784614  40194  137406  8208  4726  16481  133990  34040  7748  69999  4070  13544  216513  31828  159814  79821  3515  50539  30066  167909  
936  1822  978  1863  1645  1647  10085  25744  3912  6726  927  254  116  140  1499  3624  9120  20039  5673  20564  1766  897  1535  1595  733  128  201  1297  3384  3524  586  12524  1052  2867  21886  7206  10467  5767  2023  4671  1496  24957  43569  16971  10290  57892  20277  152580  140009  361800  155331  882  1055  789  684  26980  25471  1.36233e+06  2.75347e+06  0  165986  13060  8372  2.17539e+06  34792  373348  24696  11270  33342  861973  1.17876e+06  382310  179377  5044  22955  209892  51581  316056  92754  6207  41129  45275  144573  
10943  14229  6343  29610  7846  3229  24840  123554  4777  20075  39411  38282  30459  44759  145935  123821  125535  309400  70776  740350  71688  26259  26295  46486  8898  2781  3409  14701  40992  39685  6955  158183  14466  37678  197514  49809  94623  41560  9245  62999  13485  18265  9716  16967  41517  12499  6549  30823  556964  8149  26761  393673  139840  194872  703082  1.90353e+06  23693  19314  691410  14306  0  2.66956e+06  1.29656e+06  163559  1.00075e+06  62933  128361  26866  22262  205820  55563  8297  58200  1563  3180  241728  50771  69146  29475  4679  222804  20472  142587  
631  853  447  1644  454  190  2021  8589  334  653  2182  1482  776  921  2651  7459  3520  41928  5299  53930  60631  30112  11094  27148  1282  456  273  851  3328  2071  183  5007  561  1621  22198  2681  5013  2150  644  10647  723  4061  2564  3510  3968  2730  688  5595  44540  818  1204  262  6300  7545  4899  85161  594  1112  134272  1687  961436  0  562910  153196  254841  16335  20831  5782  5080  41430  9321  530  10112  77  489  57046  7556  20579  4634  874  62111  4808  17549  
211  288  173  809  149  63  833  3420  114  230  814  731  332  419  1062  1858  1101  24813  1329  38832  31967  35714  9464  31672  713  240  154  270  816  618  56  1504  172  502  13591  1058  1635  704  303  12092  284  4909  2525  3823  3486  2566  451  5150  19745  294  749  71  3331  3606  2252  85362  304  585  31555  693  445621  491529  0  179203  540966  16583  23963  6573  6018  11941  7069  326  10662  53  524  55534  5793  24118  4078  859  100347  5871  16826  
992  1391  727  1630  792  554  5030  12979  1322  1915  553  249  105  195  920  1145  2274  81671  9888  83313  25766  13639  30561  72859  3748  609  353  1396  5041  3073  241  5703  511  2167  77895  3984  8498  3910  1934  20840  1453  30085  36709  28090  13488  34041  5917  76740  62448  117260  65014  250  1063  835  668  27025  8773  16377  557956  1.35163e+06  167820  224026  356299  0  373912  746821  26961  13046  32942  937923  557307  5058  111212  339  7455  237940  33423  228229  27562  4619  114350  33138  91166  
366  403  274  1631  213  97  1449  4200  170  311  756  724  271  409  822  1169  1109  14048  1514  20093  14605  26762  5057  75861  692  249  201  510  959  925  90  1805  164  528  15506  1496  2462  1234  834  11488  548  25080  6255  16828  14075  5239  1513  20144  26623  1402  2428  141  3217  1932  2783  941785  910  3806  51946  12136  604625  201813  593068  450267  0  1.74211e+06  754554  70243  54033  66384  37045  1887  51420  135  1681  145984  20929  73878  7882  3819  352800  28134  64496  
509  597  286  1014  306  207  1874  4531  439  624  854  141  79  194  387  1179  1646  10196  4059  10663  3383  4032  2378  8662  1058  214  209  734  2425  1583  133  2890  239  978  16140  1960  3812  2019  910  6770  715  20123  7931  14738  10349  8133  3219  37194  22995  35618  13845  147  825  613  583  85986  3008  2177  85751  79544  46366  30682  63845  978576  1.6297e+06  0  1.54555e+06  967128  291919  2.94844e+06  51262  1048  50989  194  2087  139246  19335  70783  9440  3587  334963  66029  62324  
105  169  72  242  114  46  484  1854  87  174  1142  67  41  179  341  1318  932  2222  539  3174  478  670  194  1038  151  159  162  173  263  285  59  924  79  247  2976  688  964  502  215  938  173  1860  586  1035  1347  765  259  3429  10386  3979  1626  37  306  260  199  130405  405  943  7740  6380  21882  9054  20800  41076  300060  1.33614e+06  0  595738  44358  62251  4401  531  5474  20  217  23266  3232  8086  2003  767  301323  18046  33403  
290  240  187  993  126  52  496  1652  75  220  1178  165  53  196  405  1355  1325  2955  836  4247  707  686  568  1952  188  136  174  452  521  621  84  1570  150  483  7053  1237  1632  832  764  2412  359  7996  755  1406  4776  830  401  3228  7740  3230  2268  84  1643  909  791  71670  1151  1135  5446  3125  15744  6926  14740  28213  57271  870698  627409  0  291643  55716  4333  361  5657  57  6551  96730  6806  12191  3499  3055  436244  240764  23724  
741  334  809  11899  191  144  1463  3740  235  755  686  1208  274  290  294  881  1047  2447  754  3108  743  728  349  1098  218  86  118  1818  793  1563  77  1537  119  483  5341  3293  3708  2146  4151  1800  1427  198826  9597  13381  130793  7935  5153  22781  21706  5752  11023  533  11461  7409  6258  12569  12119  11453  19836  9844  13581  10037  11637  47433  30379  228406  14054  463183  0  359858  273221  1199  349755  767  138347  269448  31451  192698  25024  39218  229264  691408  147076  
2070  2493  1039  2104  1520  1558  7375  14570  2866  2631  772  141  66  153  1651  2384  10245  36360  16769  38223  6719  4252  4027  3600  1471  335  323  2577  9035  6403  767  15933  1462  5041  30064  6503  16675  7261  2187  8231  2486  23416  14777  13361  12366  58463  119274  210326  34961  237436  119787  340  735  503  612  68228  15830  48989  90996  190908  139933  70742  63535  1.24153e+06  117553  3.12286e+06  53505  48681  339759  0  3.87122e+06  28434  123579  607  5192  147118  35331  90733  24932  5568  100111  36297  72066  
1806  2983  1439  3230  3102  3516  14304  28500  6159  5810  1621  217  96  229  4293  4978  20794  45296  12785  50527  6969  5431  2154  3857  1142  287  406  2705  6782  7258  1330  26157  2167  6067  38241  11043  20372  10258  2604  9578  2938  54830  35350  24696  23158  104352  325389  317324  63567  307648  242182  687  1007  658  913  55612  38347  607687  131043  535334  132375  97468  109508  850519  195742  77587  19202  5387  373407  4.29391e+06  0  1.65657e+06  3.64849e+06  1464  14542  230752  74738  142729  42701  8218  89389  35818  112743  
225  459  268  374  675  933  3193  6339  1690  1241  382  21  6  48  847  1131  3846  7278  1557  8953  458  181  202  197  150  34  59  312  954  1079  221  4507  407  1025  6090  1995  3203  1682  249  1155  349  3228  7215  2252  780  24962  118579  57885  11690  43105  85296  143  61  29  91  11900  11793  753498  16337  987357  21040  5199  2983  44143  6461  3861  3273  604  2120  102134  2.35878e+06  0  878090  457  3836  31642  14090  15087  8781  713  5972  2432  14340  
2310  4025  1726  5231  3346  2434  13064  26779  3796  5492  6377  414  188  721  10156  22462  40716  82433  13370  111973  8867  4918  2456  3503  1825  491  796  3448  9487  10078  2148  45173  4766  10134  59399  18322  25668  14776  5418  10961  4503  334191  89480  53860  62831  105547  221228  154416  117640  54661  341320  3293  2314  1555  1674  46804  306267  1.42354e+06  270195  207057  165408  125501  94386  491390  110464  57413  15217  7631  437660  250525  3.63831e+06  1.42968e+06  0  586671  799047  321435  105316  755381  135569  16505  80839  88238  269292  
135  270  77  125  218  120  581  1387  159  457  1368  27  16  156  1111  5852  4074  8084  561  13909  461  100  132  113  148  62  74  159  776  582  187  3414  633  904  4054  1423  1510  881  176  428  208  2293  2826  375  357  5458  7149  1615  6573  518  56922  545  100  45  86  1257  166143  253565  21524  4397  13964  1622  978  2252  798  1000  285  323  4694  3057  3061  3579  472306  0  351256  10676  3996  59873  13466  294  2476  3716  11287  
402  932  550  1416  1315  1237  6627  14630  2224  7142  3350  204  102  276  1771  11448  7419  12939  1491  20444  1000  421  426  435  380  128  167  566  1542  1389  326  6115  971  1756  10636  4696  4896  3076  619  1168  549  1.19106e+06  192920  17988  15605  628899  1.40076e+06  89271  138526  8077  1.55309e+06  5979  1719  966  937  5069  1.31871e+06  618578  69244  23280  33076  9817  7385  53251  8554  7239  1319  5998  98373  45771  41471  19786  1.25968e+06  625381  0  77501  46023  779278  59111  5521  12011  44827  57026  
3819  18119  11334  21844  19747  12266  141502  276709  19220  28191  10360  2707  1695  1708  4941  16489  15885  41222  8508  47404  19996  13681  8949  20239  2650  653  1903  6634  7621  7863  1117  17691  1659  4920  316144  100588  42513  30748  13825  25025  12154  224638  351417  252156  122564  472285  157412  787367  1.75307e+06  38076  583282  23430  8915  7096  7286  116241  427300  168473  699868  117123  569825  213912  226178  510467  261443  501599  83178  325693  738036  359715  154422  13894  207424  6121  26540  0  2.56261e+06  893535  726187  287404  2.18474e+06  1.14942e+06  3.67285e+06  
1315  4945  5284  17168  2586  982  25923  33084  1674  3577  1661  328  126  303  1267  3656  3736  8339  1556  11638  1437  782  413  878  280  145  218  633  1028  1182  233  3683  370  944  19119  19914  5200  5571  4887  1959  862  563454  289453  853696  327578  114674  50549  1.04028e+06  435304  5538  77517  5295  1007  785  1092  20849  95605  20142  68051  7541  76039  16467  14403  28864  21237  50302  7443  24367  60457  36103  14553  2825  29556  3996  5213  1.52042e+06  0  124751  125273  298847  240438  67985  247921  
1229  5284  4321  10206  5924  3989  44351  101177  7076  27363  7789  1317  868  652  1938  16799  8975  14349  3104  18633  3273  2002  1436  1963  767  296  316  1609  2929  3386  524  7813  1018  2239  37602  23652  21599  23138  11116  4340  3131  322909  449739  309955  103651  686857  125249  422056  1.28999e+06  29428  563548  22333  5677  5111  4030  27775  583938  205694  237093  75154  127680  43171  32999  164146  41402  30418  6389  8576  56910  143597  58443  12017  205211  8833  142381  599244  752964  0  2.04349e+06  271722  136535  84901  598539  
292  1658  1118  2183  1972  1684  12376  35280  2893  11218  2955  237  225  240  715  7915  3505  5990  1641  7542  825  373  468  459  323  112  169  505  1446  1334  272  2833  343  803  15076  11332  12462  40838  648  2866  1729  28140  98396  30639  11144  145242  38896  68226  453055  11813  286839  6661  544  734  757  9909  213665  52973  97242  22750  61613  8793  5864  31118  7862  11255  2334  3338  10374  57413  12755  2806  32056  2339  14053  281536  170481  1.79451e+06  0  3381  389201  63649  987848  
661  268  1007  13653  96  27  1319  3621  35  224  1447  1060  340  434  244  263  313  754  201  989  290  314  116  329  86  49  34  2038  534  1433  27  691  33  126  2284  2033  2146  476  2414  591  460  218663  1387  66210  217393  950  607  14654  8662  1023  1496  93  41309  33321  28284  3460  1312  3077  8328  4262  7950  4723  5560  22124  10913  8855  957  5697  39095  17582  13306  475  16420  332  868  144563  357900  193679  10189  0  15395  57959  57427  
2095  1622  1902  7647  738  268  3270  7841  308  2141  7538  911  453  2201  2127  8038  9229  24611  7079  30778  6108  6289  5111  25981  1473  655  942  2739  3864  4908  705  12335  1088  3256  60048  10322  12033  8152  5589  30790  3189  17059  3221  8897  20383  3570  1869  10724  27665  1931  17061  703  10275  5252  5944  298277  9300  5244  26730  9686  59164  33172  75106  60975  216532  625169  518765  1.06192e+06  369138  86760  25915  1184  31047  129  1714  1.65551e+06  60962  56632  74216  9263  0  1.70697e+06  210539  
1135  295  1465  8035  168  92  1345  3208  130  552  1079  979  291  450  228  928  585  1576  329  1977  547  507  490  1250  210  116  202  2004  685  1438  41  804  61  188  8373  6742  3649  3086  6541  2946  2356  12316  1471  4077  16873  1967  1210  4676  12806  1020  7055  256  10009  5111  4549  29453  5320  3505  12415  4608  10282  5359  5354  16319  15228  296645  18661  715184  814558  22204  8161  605  15385  201  5501  763093  34162  42969  43532  24825  1.30926e+06  0  239710  
24945  63140  50054  40922  35817  21467  163274  663919  14522  450584  105236  3413  2106  6345  10214  418229  81737  239017  65618  224672  22681  13488  35735  21879  17099  8704  42342  149966  95623  77725  9588  38850  2693  10875  2.50132e+06  1.03506e+06  689520  2.27337e+06  94464  199872  385577  22733  44901  24007  13884  63461  54121  94520  445986  26176  403421  19364  1768  1384  2415  25798  386228  101678  255873  51953  158330  47595  36664  91690  30033  39535  13002  31629  111281  76365  27982  6849  67873  2798  19341  1.88606e+06  214826  851718  1.82042e+06  14217  546157  378698  0  
