4802930  
2637114  
662890  
3969603  
4152130  
4320802  
8093776  
12070791  
4053438  
6964170  
2688598  
2632075  
2089513  
3143114  
2885936  
5499664  
7102955  
5782683  
7967392  
7714461  
1376458  
1156096  
3463093  
3370458  
6712503  
1739461  
1912135  
2143002  
8114795  
9737589  
2892328  
9236291  
751077  
6444489  
11138171  
4376017  
6620758  
2269713  
850386  
3811543  
2149655  
4993379  
2120604  
609609  
4109223  
3388899  
4320682  
7713021  
13060158  
4536440  
6962168  
1868635  
2703072  
2059809  
2977213  
2594381  
5549416  
6481393  
5473855  
7429437  
8049584  
1552353  
1200519  
4512216  
3777926  
7002746  
1931740  
1683689  
2184937  
8348565  
10201933  
3282224  
8751073  
880790  
6426079  
11046357  
3992717  
6065548  
2614767  
726526  
4199070  
2130480  
9350939  
