0  1.66491e+06  59770  796540  437716  249017  699399  41918  6069  63494  4436  786  452  1143  3614  44027  87118  45143  56779  26515  5852  30395  67231  90338  20588  2860  22635  247845  34280  153557  15809  265457  6645  1.37503e+06  119926  175600  538287  66470  28600  46583  30622  9167  1215  7342  20160  939  1531  11408  12366  1291  2295  1616  1279  1153  1145  901  5179  588  9669  1739  8478  1866  3212  2887  4721  676  135  351  1548  1809  1661  123  1180  11  607  4343  4670  2281  1286  4910  1119  943  55334  
1.06376e+06  0  28411  20686  789036  70161  568779  34896  3689  27765  4840  374  186  524  2175  17659  24193  39744  24974  26819  2393  8003  24495  20983  8271  1366  8324  20200  8398  25389  3492  42683  1519  86251  601230  660010  425660  160946  16098  39934  31721  12939  7632  27653  23116  5692  3307  53599  47157  1190  4007  873  134  103  224  362  2816  242  3676  751  3784  567  769  1401  1455  406  87  217  872  1095  877  59  606  4  430  8689  9155  2730  2906  2227  1837  2379  210905  
33800  5938  0  186316  1686  739  191085  118709  658  2269  981  357  203  226  672  1719  583  6958  3214  6530  653  2490  4511  6927  2187  340  2177  7513  2327  7413  220  2566  77  417  82354  144959  53613  12600  5701  11515  8670  17385  6898  40857  42970  4415  2414  56217  49672  608  1008  125  143  101  135  208  468  70  994  274  1248  202  302  734  675  216  36  155  1116  930  838  12  589  1  392  3985  10889  1744  777  3655  658  779  17767  
833121  15826  153402  0  1913  1523  43178  712003  1006  2614  1757  1.1895e+06  6678  9852  9377  1711  1001  7823  6024  11589  1447  4900  8811  14892  7875  2504  25504  134755  8564  47279  571  28345  119  23420  53526  129583  50459  8945  22920  22807  25443  156524  14389  251905  1.62505e+06  7038  4478  185479  147243  1511  2398  623  117887  44509  34789  13715  1431  196  3102  1043  10096  986  935  4297  3139  1203  503  2324  12928  7295  6678  51  5677  7  3206  11943  121722  8494  2416  61313  2725  2795  13647  
444173  1.10869e+06  6326  4698  0  1.55555e+06  1.30224e+06  171303  18191  99009  7335  465  1441  1539  5637  56400  120804  70252  72296  48936  3047  4673  26457  9025  9894  1875  10819  25373  12462  39394  13230  101755  7949  599196  874675  617908  393186  88403  6458  48753  37407  1485  2737  6524  4383  7326  26592  51098  83910  15112  12770  1901  159  172  471  782  6307  563  6776  1289  6580  589  546  1634  1031  558  127  330  647  1590  1278  128  982  17  1461  19826  5709  9484  5972  781  2495  2374  231529  
140508  162947  7137  5557  1.18324e+06  0  698401  618270  657343  1.43119e+06  6613  683  4420  3090  9219  70258  131829  39266  92544  33125  1813  2730  15598  4877  7758  1303  2413  10928  20523  41254  14756  207452  26656  1.0092e+06  158391  74907  212222  31345  1751  8045  6354  862  1705  3473  2901  7957  52343  64603  217780  56307  39357  2545  449  404  846  1295  8307  717  7455  1878  8372  677  571  1948  883  736  136  631  801  2143  1742  155  1604  34  3687  28692  7766  19441  9127  558  2322  1645  68698  
442291  686013  355907  53079  1.93533e+06  1.07151e+06  0  1.52259e+06  999382  145395  13351  1144  2926  1769  7583  26104  71221  127253  193141  101176  5832  13170  37486  33745  21707  2756  18391  44696  62773  121001  6507  31390  1537  10019  1.18635e+06  942664  325101  107382  17984  91129  61854  31125  28828  105921  71710  44694  243228  375232  557555  192885  114505  2668  791  512  816  1781  12124  1832  16866  5676  15662  1682  1871  6461  3653  2792  456  1813  3554  9223  7509  365  4703  57  9757  86959  50231  55618  30897  5967  8672  7157  274916  
10400  33515  118858  667400  86099  254925  1.75736e+06  0  1.65936e+06  524487  466711  1.19053e+06  1.40962e+06  1.15995e+06  393320  24159  10787  108987  38171  482333  13926  11283  17829  19704  46054  64582  69849  29229  10038  24513  2559  17587  1298  7797  565593  356751  344416  141060  12673  103339  29852  41369  37716  207322  243884  65187  370010  573644  3.78447e+06  600888  735482  48095  141622  139329  61582  80675  79077  3966  47961  17854  134656  9703  5281  13668  8143  6488  4289  7654  8262  17821  13434  717  12509  227  33915  205683  129788  166408  77114  17018  24621  12869  285485  
1972  4007  2872  1820  28134  928601  787765  1.43955e+06  0  1.72593e+06  2963  76  259  366  813  10586  8189  38308  161033  13672  611  442  7488  942  15272  470  1299  4556  29220  16511  543  8477  385  3047  186608  61473  62273  47276  1867  5516  4655  659  1097  1240  942  2954  33164  16486  238566  154944  229246  4457  56  60  209  190  21387  553  8125  3623  4027  208  147  1428  376  1097  83  688  719  2764  1692  73  1537  38  5423  18931  16331  22666  11011  327  4418  1616  99779  
36182  34332  9128  5850  69888  1.16368e+06  137388  1.03879e+06  1.40927e+06  0  68423  312  627  4672  2386  2.12844e+06  284221  102580  148005  36852  1396  1723  8829  3577  8355  912  2985  22617  29335  75489  43055  436334  79439  521053  235053  196043  467857  347942  4307  9620  12813  1663  1476  2256  2157  3509  11264  14604  294725  74078  629461  40152  130  163  1551  538  152954  2701  23625  5111  10513  523  366  2003  738  927  180  1558  1782  2382  1868  311  3662  114  10161  29531  53244  36224  22845  835  12088  4111  293466  
1018  1080  3258  4987  1847  4137  8658  870219  5326  184593  0  9165  13060  1.02564e+06  2947  105621  5698  54030  2473  909131  2747  899  816  602  462  160  490  1891  754  2596  1064  11902  2522  2282  32937  11268  22285  14299  1554  2167  1892  1407  751  1875  2959  1495  6341  6645  190163  15917  311319  240847  1912  2582  17643  1803  175107  6703  47736  3450  96675  1339  316  1637  612  858  266  1331  1720  2820  3310  1039  5504  229  6872  19704  14496  22319  13943  812  8271  2163  28293  
4569  2206  6318  860438  1185  1640  12649  1.03607e+06  774  944  2368  0  286949  183821  206907  704  285  2602  1040  50472  2076  2221  1974  5481  19739  34999  38244  12720  1118  3221  76  1485  45  617  11190  8178  7793  2596  7550  38455  5532  33909  2326  47171  419894  2911  4828  40175  245883  1560  1590  1387  554592  112053  66978  54976  1902  159  2225  530  36785  3166  1297  1169  1953  509  1204  1609  3288  2119  1629  33  1326  7  998  8152  24206  4409  1629  31028  1505  1108  5354  
1608  1467  4525  23685  2442  3840  15972  1.22451e+06  2988  2797  7892  497247  0  849802  451265  1380  880  6343  2292  221507  6877  5239  2924  11007  26315  42078  41625  8599  1697  3890  244  2101  135  514  18172  5598  13697  5475  2225  46705  3623  2731  759  8713  51275  1625  5969  13395  324102  5159  4185  6185  254782  536700  136727  99245  10050  688  8123  1195  97900  7923  3272  1219  3924  747  2833  2334  930  1398  1049  132  965  23  942  10995  5129  8435  3649  9002  1778  1037  11246  
1647  1401  4943  23067  2354  4424  11522  790042  3692  16478  1.00114e+06  274830  602317  0  562921  9695  6048  23225  4567  853894  19595  9060  2233  8042  16975  38687  41662  6129  1724  4473  1296  8771  1405  1635  24557  7476  22438  10805  2387  44369  4565  2439  730  5217  29943  1357  7655  10831  229496  11341  47508  88238  116420  173803  619128  137980  114443  5416  53724  3688  239463  15886  4826  1791  4475  1257  2731  2295  1434  3933  3820  997  4409  262  2818  13783  5326  9656  5105  4786  4193  1721  17888  
2851  2042  6522  14286  3111  4267  13510  273012  1319  3323  2367  109224  195478  610187  0  1911  5602  52251  16396  1.57653e+06  48686  48916  7841  665590  74544  200349  157730  16529  5081  11668  2147  12548  1769  3283  73214  10972  48033  29850  4389  115861  12332  2440  840  4371  20486  1265  6567  10797  109060  5971  3965  8946  51491  49842  104740  407888  15664  4079  86634  17984  294514  19788  11448  6935  9563  4031  4829  3864  3906  13351  10172  623  4892  90  1733  26553  5086  9732  5582  2998  8194  4176  46596  
45519  34700  11241  9023  60152  97072  51609  88099  76316  2.46527e+06  117040  459  630  6593  2257  0  2.29184e+06  718298  343910  55569  1569  2238  11777  5006  17196  1036  5383  55428  66458  142183  69199  500683  200264  597398  164499  59612  580775  303155  4936  16579  25313  1379  525  1652  2042  985  3122  4787  23247  5783  48321  36462  142  183  2582  691  175660  10561  67071  3633  18044  1024  467  2569  831  1235  199  591  1280  3814  4358  1764  7085  327  2999  13224  5115  8575  6146  1084  5801  3341  200539  
56004  59637  13455  10458  118794  237324  115138  130901  92058  479596  91998  2224  1788  25338  20310  2.60094e+06  0  821473  1.87598e+06  325933  9800  5500  20278  9729  25242  3309  9090  62873  179072  666315  540048  1.98596e+06  614913  538317  199844  56003  468040  128082  12075  46473  33000  1699  648  2128  2883  1431  4595  8483  33566  7671  20073  63753  551  678  7931  3652  204746  13047  124381  9907  78520  3253  1283  4212  2003  2309  539  936  2486  8355  10162  2876  10265  475  2791  20368  4493  10880  6276  2587  7011  3676  107020  
27406  13191  18957  16679  11502  29600  62473  111438  152254  275794  50885  522  455  2070  8001  790900  532036  0  3.20939e+06  596010  143743  51119  683148  31344  67763  15114  22874  81760  51708  113698  15309  127130  6826  34796  363623  43233  378769  226615  43218  163293  83468  7076  1384  4188  6053  1521  3310  9282  26597  8628  30272  16357  265  269  3294  7631  108254  32747  344416  82785  161025  18811  9558  64456  17841  21182  2869  4943  17259  59882  55582  6688  32093  315  7068  89461  11599  41648  16627  14377  33507  18178  263791  
43553  24291  29241  23230  45739  121339  210251  104644  379469  247261  5692  613  614  1818  14420  181927  2.60327e+06  2.91498e+06  0  100177  14121  10190  961635  21203  292156  35856  36758  136808  555583  1.99716e+06  520647  403591  9660  67089  286166  49848  548739  229778  45904  175200  101860  3758  880  3508  5110  1073  4740  8792  38116  13493  23591  5661  238  238  1060  3621  22995  4814  105759  25519  71027  7924  3587  27705  8594  8921  1059  1765  7544  23569  16657  949  8636  70  2406  35703  7186  25321  9598  10869  13200  8887  178458  
16277  7746  18135  22348  6671  9732  36688  431058  4907  37313  734212  29103  110710  565316  1.46322e+06  43072  26862  1.03401e+06  103535  0  1.19222e+06  1.04217e+06  85303  898536  66571  149468  87203  71801  36206  85661  8128  79941  5622  14936  377986  45470  200587  124463  38356  379099  75235  13303  3594  10701  17027  4240  13992  28665  183464  22332  46805  93297  14924  23034  100195  214469  276333  63101  831186  198019  1.78884e+06  146136  85982  225093  104441  56240  14838  15879  32893  112714  103160  11751  65873  886  17661  229188  24021  81162  40006  19227  69010  37441  221016  
1701  613  1180  1191  238  152  1966  2824  111  690  297  202  357  679  22292  286  403  185284  10009  704896  0  589299  75820  129152  8888  13535  7303  7591  2948  7544  214  6129  209  1094  35381  2031  16090  6988  3134  47489  7763  700  153  419  664  109  130  819  2586  140  301  238  206  245  677  6431  778  275  36893  8181  109959  160724  93167  54225  55942  7792  1768  1149  1474  3439  2671  97  2519  18  907  26631  719  4833  1995  1415  4864  2261  10410  
4679  1545  3181  2888  316  119  4406  3039  71  275  72  314  491  681  24441  186  249  87424  4516  237126  436495  0  101305  586643  16797  28800  9200  17045  4475  17008  213  11907  111  1856  52173  2710  31123  8297  5490  94493  12034  602  73  294  668  52  81  538  1099  59  119  61  143  136  206  5475  194  97  11706  2707  32886  68689  101656  27478  79275  4851  800  547  967  1879  1567  26  1248  19  373  16597  507  3773  1114  1718  7584  1299  7453  
34180  12513  24597  19298  4561  2647  41218  26014  8369  3099  387  406  459  492  4349  1386  3219  696149  892473  41379  82469  70532  0  288822  836818  63671  41189  121908  980989  558105  2378  123311  660  16538  163206  20272  267059  79242  29277  165673  89117  2065  390  1976  3338  255  505  2871  4443  608  926  235  181  177  154  2007  1050  290  83654  18683  129751  34018  15122  138252  25644  16963  1143  1124  3103  6748  4762  79  3971  31  1221  56422  2442  15939  5135  7818  7892  5293  80543  
22052  5698  13036  13282  833  391  16355  7779  260  857  200  1553  2253  2607  499236  580  880  87839  13048  556605  159402  840361  440585  0  1.56738e+06  856618  140000  88920  26644  91443  792  48624  246  5986  140776  8622  86375  19884  16151  368549  35610  1494  156  740  2091  96  180  1120  2229  126  282  155  639  553  309  12220  453  163  18565  5284  52507  27903  47063  48916  202761  9733  1521  916  1964  3815  2939  37  2392  19  730  25380  1430  9658  2762  4784  16067  2641  29535  
17562  4555  9617  11507  1503  2986  19890  19731  14504  2673  378  8776  13823  11377  86025  1408  3052  81508  126357  55208  16406  35268  1.19702e+06  1.53355e+06  0  2.08625e+06  1.28838e+06  351395  3.23588e+06  174571  1036  47815  555  6383  176662  30935  81070  37539  19739  838213  153079  1099  142  689  2133  162  414  1256  5938  600  776  599  2821  2600  767  2458  2254  737  23955  5430  25923  6187  4866  19250  12001  5265  453  467  1647  4069  2999  183  1694  17  453  13732  1488  8344  3335  4380  6319  2532  50068  
3300  765  1720  2482  267  281  2793  6962  887  441  172  3514  6199  5248  61008  324  532  27770  23415  30333  10654  21757  138645  382208  1.82825e+06  0  860665  91079  47650  47522  271  12694  182  1417  25607  2861  17448  10007  4264  405382  26561  276  40  188  587  41  98  324  2142  79  177  157  1215  1125  295  907  316  123  6873  1778  9687  2606  2015  7046  3782  1533  135  136  477  1352  824  23  451  6  118  3369  357  2392  1171  1222  1541  742  35284  
16818  982  1801  14163  459  366  3648  17885  675  1105  469  11095  15048  14262  117200  759  817  28361  15509  47696  10112  14093  30725  60946  994948  629958  0  273993  7303  13739  298  7354  300  3960  253177  30095  45651  83934  12852  714506  572089  1927  68  375  4244  91  227  689  5296  227  392  609  3832  3377  1160  1529  1726  411  8820  1612  7637  1053  1056  2352  2098  903  176  233  798  1708  1220  115  724  8  222  6876  1807  2468  1716  2004  1931  1462  119011  
285127  15722  15851  104030  11830  7255  29741  28407  3817  15238  2892  1767  865  1485  5869  18754  16758  61581  55818  27001  7299  26401  70773  66499  233351  15546  212581  0  254480  406845  7644  385682  5381  149780  310998  49250  334170  194391  32717  273777  613013  11551  179  1327  18277  181  686  2030  4663  962  1616  1117  2527  2227  2014  1221  4800  784  13309  2338  10071  1764  2610  4089  5691  1630  217  501  3302  5197  3681  183  1901  14  675  9891  8610  9947  5542  11571  2939  2908  85396  
21992  8085  13568  12176  9745  38332  63585  24332  50354  22075  1895  487  612  1233  11146  8326  43827  79911  533447  49549  12591  42027  1.41458e+06  118685  3.7287e+06  52121  41309  512983  0  4.10181e+06  11271  81681  1175  11893  132080  25158  139877  54108  16642  371773  57062  1522  318  1272  2097  377  1330  2753  13143  3899  3191  2057  193  179  559  2441  7972  2378  55695  10471  42046  6394  5068  17259  8522  4271  518  762  2971  9574  7140  406  3495  54  951  16262  2459  10080  5089  4096  5328  3468  42079  
55433  24099  26240  25590  46570  123758  135180  86563  48356  88080  47719  1156  1217  10620  31369  43364  667460  290395  1.15836e+06  283752  27024  77588  560087  197341  200801  29006  23986  530102  3.55567e+06  0  1.60963e+06  3.21754e+06  6346  39963  216994  44454  382606  122699  20372  258388  56609  2159  609  2483  3731  1013  3693  7427  25960  6826  7465  27606  427  469  4281  5123  93664  7501  109074  13157  83631  7206  7995  10943  13002  3846  742  1074  3695  11357  10704  1806  7536  200  1989  23407  4325  14580  7853  5483  7409  4877  87478  
5568  7943  2864  2078  28588  58253  41767  43595  6060  31703  13942  344  423  4280  4928  13888  1.2171e+06  42511  709776  63710  2226  1471  8403  2861  4324  1194  1874  10213  20632  1.85242e+06  0  1.03319e+06  3791  16165  39278  11525  97629  19105  1304  5530  3741  221  165  498  539  454  1698  3148  8858  1754  2220  8737  94  121  1268  664  30002  1626  17733  993  13805  548  248  524  354  264  60  112  265  937  1133  373  1343  71  382  3200  775  1601  898  255  812  447  15011  
376008  90617  29315  43527  105324  239243  123265  199377  40246  364574  163254  3683  2574  32634  36341  365882  1.95195e+06  623085  628469  534229  37114  83136  382636  195765  86200  22127  26323  565382  80157  4.14348e+06  1.27428e+06  0  1.17868e+06  1.05241e+06  249675  54056  820628  130310  20938  121993  72866  3022  731  3066  5948  1625  6174  10920  48753  9718  14263  62919  1012  1112  9761  4547  195435  10227  117501  9184  108928  7716  8419  9743  13296  3302  648  967  3017  8600  8839  2423  9281  407  2749  22351  5366  15060  7279  5619  6912  4239  120596  
6220  4661  1160  869  8601  9734  4893  12756  772  49310  9172  210  139  1807  1149  126572  274642  22193  8104  22315  758  394  1722  666  924  292  763  9511  1908  10147  7973  491213  0  265650  7869  2129  81207  8104  487  1414  3358  76  36  152  193  68  278  493  2874  631  936  2762  42  52  414  127  7741  274  3163  148  3416  140  62  138  86  53  13  20  70  230  207  63  242  11  93  634  198  376  227  82  174  99  5718  
1.50217e+06  419882  14187  21374  842628  1.70488e+06  87700  143979  8668  1.14252e+06  34346  996  1151  7601  8236  1.31341e+06  1.09688e+06  163789  117001  110566  6030  12375  48290  28959  15962  3545  8145  143725  39817  208491  122667  1.66104e+06  881795  0  83806  26152  1.04835e+06  42833  4631  23639  63249  827  381  1276  2293  1263  4476  8424  24674  4134  5400  12540  319  338  2063  1018  36898  1748  19945  1674  19219  1370  1339  1630  1980  585  143  234  579  1687  1586  403  1606  56  724  6811  1773  3660  1956  861  1310  1042  40749  
63739  83028  147231  87237  51640  33464  657018  1.57601e+06  79484  565491  126219  4490  8378  13650  83307  368143  54729  1.19821e+06  313164  850276  58487  74914  238880  143542  196125  39165  356127  545079  119609  281090  8607  154472  7748  19888  0  3.05449e+06  493942  695620  427085  2.2168e+06  1.23092e+06  8236  3934  17510  24513  8010  37949  70104  238025  37774  47706  11351  1436  1353  3256  10705  34702  3664  58716  11559  78936  8440  8979  21052  22444  8941  1960  2612  6496  13208  9261  786  6541  118  4887  280334  22926  47623  42992  14591  41445  41519  3.4054e+06  
52018  122164  184570  99553  28509  16531  461633  293722  17343  129923  83537  1841  975  5015  11400  108031  17978  237412  26748  310635  9294  6396  15657  11811  49342  4491  77314  117850  29610  44316  3049  30511  5757  6662  2.5498e+06  0  223376  359782  930709  380116  229558  25716  1555  12449  42556  1651  4860  18552  35834  4827  9338  5147  430  370  1151  1423  11798  908  11463  1733  26466  1064  955  2660  2024  972  253  464  2714  3093  2573  190  1989  28  1071  35011  45797  7004  6731  12136  4698  4901  542590  
283913  186242  447454  217255  96956  56639  661032  1.27966e+06  47636  653089  98933  3762  5114  10046  24377  481508  66871  475969  234105  231737  13970  20871  114611  40262  40620  9599  25966  144797  95331  200104  28681  141544  15205  109886  250595  663066  0  1.59596e+06  254685  55430  113295  10839  4036  26103  36035  4175  12348  41703  154226  27529  95232  16156  1073  981  2464  2646  38236  1924  23039  4140  27078  2427  2479  6693  7215  2777  376  934  3726  6590  5131  409  3443  68  3188  20702  20067  30025  12881  14607  6300  4348  141360  
13041  8316  39757  16427  6065  9297  58288  191947  8713  289743  46118  1090  915  3946  13344  241800  18556  227607  130392  163956  7513  4358  32136  6513  26461  5295  17064  34977  76070  83737  3449  19719  1018  3348  205477  211185  1.66052e+06  0  49091  40920  102234  1073  329  1518  3454  484  1993  3953  21883  3438  15321  5239  198  212  873  1176  14351  855  10063  1603  14484  911  663  2159  1418  763  188  264  677  1615  1177  155  997  30  593  12506  3096  6880  9439  1974  6911  7854  378866  
15909  4659  10139  18912  408  611  9485  5420  887  7923  3948  1010  277  622  1880  5854  1524  27227  6307  25622  1608  3691  7129  8321  8103  1143  15479  43371  4981  13977  252  5472  219  801  274923  565984  186906  51652  0  51258  51133  3188  59  492  5711  54  117  648  1034  113  504  416  608  536  502  400  1307  124  2270  636  2867  391  662  2435  2958  1052  109  187  1061  1269  1135  30  676  3  143  5271  4058  10696  3664  9005  1627  1282  40892  
11253  2862  5981  11873  700  827  8944  16332  1103  2415  1076  7652  9718  10623  52346  1847  2262  58585  28315  102558  36447  65214  68217  121043  326234  262284  1.24462e+06  296933  115739  180239  841  41038  476  5352  1.86343e+06  61246  76361  92509  40854  0  1.35026e+06  1927  318  955  3867  383  461  2182  6183  564  1170  1699  2533  2173  1255  9711  6829  3037  54499  12130  47757  8420  8865  20225  31175  11839  1790  1882  5343  12224  9178  609  4755  60  1306  48620  3578  26205  17432  15265  29090  13620  173940  
6654  2018  3973  5595  751  603  9390  13387  2069  3470  1326  1356  933  1436  9295  2142  1682  64985  43447  26067  5727  10943  63697  18519  55507  41489  1.14965e+06  391486  10837  25273  587  14938  342  7753  1.29234e+06  133964  129534  309505  50103  1.53086e+06  0  787  134  458  1720  177  332  1158  2953  399  1359  908  266  210  291  766  4841  791  11290  1716  8062  872  884  2344  2307  880  212  311  966  1968  1561  211  1061  13  303  21940  1781  5489  5921  2694  4295  5378  200477  
2894  2518  5205  19535  599  544  8353  10687  632  2622  954  1388  252  329  661  1006  634  9347  3779  5875  1378  3094  1928  7053  1014  240  887  5585  1184  3093  159  1866  58  586  7165  3651  4353  2336  2462  3296  2614  0  1.57103e+06  173307  944337  576626  66400  687133  62458  1623  16983  1959  1039  960  970  3082  24891  7087  40427  29559  27406  4132  22671  178160  68683  26868  3557  29599  296393  40951  58319  3668  406372  601  1.3556e+06  209883  160747  563523  87598  80919  29117  19420  65798  
2749  9116  9969  11966  1726  951  25168  16624  637  2134  667  417  80  131  447  525  328  3859  1367  3442  611  1066  838  2460  374  105  163  568  370  713  71  551  45  136  6484  2997  2454  1953  1198  1502  1003  887203  0  7556  9933  643604  37154  287948  16485  2866  21245  2501  133  107  194  4509  17264  3881  37234  15660  31169  4545  8063  63605  19297  18302  2623  9060  21354  35326  19956  1623  35779  263  50480  584802  614421  368975  100408  21523  92857  31381  99869  
9629  12268  30615  80776  1752  606  39334  31562  273  421  92  4717  231  181  171  126  125  616  315  767  107  159  241  385  175  43  197  1645  186  886  16  402  3  175  5454  9005  2201  883  471  705  971  58784  1057  0  197670  723  2049  236043  100203  630  2234  199  263  247  253  649  1053  116  1747  604  1574  204  312  2753  1489  787  141  358  1236  1257  959  23  703  11  883  24669  117023  31716  8868  30828  2845  1703  9222  
40671  33394  125438  1.27844e+06  3769  1496  98239  172458  791  1520  1727  472251  19616  26687  22510  928  524  3918  2002  14289  1287  1648  2463  4517  3717  3053  10775  45068  2742  15631  170  7269  53  3238  26823  58781  18390  4988  13752  9902  14702  824967  3216  263537  0  1823  2685  69401  443662  1039  2896  1511  1.1804e+06  154341  130057  82722  2860  276  3647  1591  49474  3867  1512  9074  7096  2546  1489  4447  17424  9828  8886  63  6769  20  5077  22464  265029  27541  4349  121022  5504  4711  12049  
1832  13973  9631  9581  6329  5055  68249  73163  3126  6426  1390  740  404  339  971  1318  739  6196  2134  7035  842  816  1035  1370  506  140  294  851  501  1009  164  910  66  231  19097  7198  7620  4495  1240  1940  1380  490474  790876  4866  4608  0  1.00555e+06  820532  107633  12896  52670  4341  190  179  422  10371  47575  26346  111806  26694  84837  10651  4435  35208  12512  12781  4090  13969  19711  45081  63460  21777  84465  1431  528454  796944  262295  263717  117048  5712  64419  28119  128439  
1783  16497  10401  6660  17508  21690  145295  215010  29070  17528  1546  684  1194  687  728  1608  1047  5214  2827  5564  387  444  823  1013  441  99  328  906  733  1468  204  985  61  377  37793  11622  15014  6877  664  1589  1345  204909  106030  7174  3521  1.1627e+06  0  810677  336461  698887  1.2715e+06  2904  130  320  680  3985  74317  53735  35634  32264  21195  2226  2316  25064  6123  10954  1304  11782  11548  70645  102984  21818  180287  4988  1.25203e+06  170096  197403  187957  64501  2426  17100  11126  64262  
20574  108392  95189  101982  55671  37906  579783  527951  19856  21219  2055  5508  1287  1259  1948  3133  3073  10413  7025  11212  910  1194  2490  2174  1286  312  1209  3458  1747  4307  609  2552  133  1113  124264  56952  41188  17716  1823  5724  5136  279100  272643  185997  46540  1.41132e+06  2.02582e+06  0  1.84612e+06  1.07356e+06  141990  5097  881  584  817  4845  36205  6962  88685  35099  56328  4667  3648  38428  9970  21468  2186  6766  10470  86043  56538  1770  15736  267  26847  494517  397811  315502  132088  36344  52903  19894  171049  
21338  143615  113686  167322  106851  165139  1.01332e+06  4.3953e+06  405136  436305  77434  161484  133774  121646  75779  15449  8149  38087  23589  143332  11487  4726  7355  6192  7641  7288  9655  12272  5984  13185  1646  9341  628  4188  356988  128783  159374  73712  5116  20983  13699  18748  16971  174778  673304  82093  274966  2.11026e+06  0  1.69203e+06  566872  488834  1.0873e+06  1.08669e+06  765624  560008  53550  5907  90776  19388  473389  52657  10018  26245  37413  9375  29617  29835  13477  17833  14649  1225  21563  329  57381  616526  488702  575642  332526  22016  80961  33294  399572  
1248  8658  5581  3670  20854  40282  143046  273977  150245  98013  1935  238  180  471  361  1384  1194  3889  3970  3563  169  217  742  364  430  68  263  869  1049  1649  189  1017  74  624  36321  9665  18643  8016  409  1265  1113  1764  5320  5421  1771  14823  1.06034e+06  1.11574e+06  1.55311e+06  0  1.45936e+06  1146  43  44  115  311  13212  2236  35513  153762  6179  304  276  15963  623  20142  468  1825  1696  34317  11254  241  4700  59  6925  52263  328789  61725  40392  1046  8151  3645  43289  
1182  4695  3668  2963  11399  23466  73809  341803  167176  376966  37008  337  356  1516  417  14779  1524  10877  5130  8909  290  291  829  561  555  122  418  1480  915  1653  215  1562  119  731  31198  9442  19754  13208  642  1780  2228  25305  20191  10795  4657  56401  1.21199e+06  138172  955028  1.61656e+06  0  86712  751  697  2690  1824  2.30748e+06  109125  108700  143284  19296  1363  755  15206  2603  10728  1052  11817  12847  50531  48493  9626  432472  101281  806274  241098  691001  313879  279463  13770  109785  26145  243707  
832  1079  1184  1156  1113  2597  7594  162506  16091  377256  272030  504  2264  31308  2079  125254  5589  33732  4507  75145  1282  418  610  360  651  192  429  1466  974  2287  876  5732  859  1235  19624  7066  14016  9373  789  1756  1647  783  551  1360  1491  1246  2245  5082  437228  2054  151913  0  667  4512  785020  2212  106886  1778  30701  1018  306055  5571  580  681  926  381  298  546  851  1615  2224  922  3996  227  2533  21173  8638  7878  6617  2141  3778  2346  22649  
7853  3617  9539  151865  2480  4092  27195  271980  1966  1621  3134  792736  146441  110795  104808  1027  429  3268  1240  44952  3163  1541  1276  2959  7871  13502  16551  12878  760  3243  119  2095  65  1198  16014  6673  9297  3238  5040  15838  3537  9318  797  32974  948808  1620  3928  14520  1.32456e+06  1640  1889  3007  0  408603  220273  210853  3825  214  3203  551  133557  11490  1956  959  5325  680  4137  3895  2422  1602  1075  45  781  13  581  8300  19933  4412  1926  33431  2283  1285  7819  
3477  1913  3277  24276  2286  5355  20367  358803  5039  4375  9871  68802  533582  239601  167575  1677  608  5060  1543  91484  6063  2447  1342  4367  8166  12146  13276  7476  841  2189  129  1569  83  601  15253  4243  9463  4215  2589  14132  2164  2461  407  7855  116854  1303  8361  11265  1.23786e+06  6515  4056  8050  399337  0  293213  227060  5649  420  5222  1072  191186  22937  4061  1751  14873  1677  12606  9531  1824  1521  1090  98  1085  11  1366  10225  6432  13190  4310  10674  3532  1640  9882  
2064  1974  2984  14643  1668  3297  12587  202137  10358  102827  136791  34621  114271  696406  149354  61196  5609  48670  5761  249654  15490  3918  1914  3175  3662  4015  4837  4428  1819  3897  1047  6259  705  1290  25138  6511  15567  9473  2099  8099  2959  1375  324  5026  68820  1001  4962  6398  856441  4941  20189  842242  131438  322639  0  388103  43633  2581  30020  2480  881042  67655  7857  1944  14816  1589  6387  4432  1361  2975  3094  837  3627  131  1772  10655  6890  8366  3633  2657  3699  1817  16302  
2736  2113  5091  20767  1453  2076  10297  114892  1534  2907  3663  34314  40294  146676  475672  3682  4263  61903  17334  257168  24758  7236  6916  5593  3503  2529  3490  6089  3902  7672  1495  8570  952  2158  40798  6432  26124  16375  3825  15346  5828  4650  829  8406  93524  1317  3858  7689  297867  3115  2696  7262  97584  96855  467705  0  11861  3606  56940  9945  1.72426e+06  124041  130417  15788  597597  31493  289492  195531  7491  12917  7276  515  5890  146  3758  54510  10916  16010  8962  4686  59110  18488  32439  
1161  1570  1601  1813  1553  2476  10449  39920  9933  95899  38508  307  588  11593  714  123717  11278  42209  4335  49089  733  469  902  730  1078  170  563  2288  1565  4088  1814  11051  1504  1937  17638  4892  15863  10268  1287  2456  3159  26043  14681  10565  7134  38030  84363  33619  94597  55235  2.12799e+06  80999  602  606  3681  1979  0  1.71579e+06  674821  162875  32208  1627  1015  17473  3655  17300  1463  26614  33021  55453  62176  23576  812809  269290  850700  421664  203389  479994  354303  13186  116961  49757  420347  
1190  2056  1966  2170  1634  2060  12910  23036  3723  11159  13043  258  428  3714  2496  34297  10712  100424  12513  71075  1155  721  1778  1131  3309  283  1099  3726  4232  6765  2298  8974  630  1228  32927  5158  16351  12231  2766  7433  5503  29923  31131  9908  6009  120474  281624  76105  73809  55253  393595  12746  214  284  4300  10721  2.10632e+06  0  936901  1.54978e+06  137736  9186  1775  35337  6248  31179  3529  18466  32606  209687  697855  524127  2.00613e+06  280700  565766  308542  72023  240664  118074  9933  55123  36017  171695  
9182  4437  7151  7105  2729  3112  18970  39381  8386  26296  18756  410  466  4364  11033  76540  31404  328088  138230  162542  27871  17914  53442  12929  26737  5410  10337  35483  36368  54569  5568  47865  2975  8808  135720  18139  103012  56200  23326  89482  41440  22230  8856  17264  13671  9681  16730  50722  89686  251179  212111  17227  435  457  2138  12497  852067  761023  0  3.01193e+06  1.01526e+06  85537  14544  611359  37080  85191  7989  23763  50063  114617  80055  8316  166657  2620  106099  323015  29786  289575  155108  20574  93358  94240  280884  
3671  2498  3415  4233  2015  2751  14557  28701  6286  7706  2316  329  440  789  5981  6519  9619  123013  49839  67022  8690  6145  14908  6160  9239  1778  3818  13183  12510  19506  2312  16070  1084  3072  58725  7980  42678  26140  13978  35898  16108  28654  14001  24722  16451  22032  91377  99605  79915  494037  239903  1699  284  313  1161  14847  107152  1.76015e+06  2.27684e+06  0  309439  10730  4004  1.57995e+06  17856  279480  14074  33378  72281  822839  1.64968e+06  943391  385835  2513  118590  302332  49199  255477  117056  22554  83339  90998  184563  
17574  8580  14163  14804  5516  5818  35366  149189  12525  54260  67122  8694  15007  91515  189980  84516  42255  799353  244210  1.54666e+06  213321  94143  207867  60177  65928  23739  23691  64020  50814  86992  11384  87019  6634  17733  308666  37483  215410  124290  37872  190988  71135  16100  4039  11715  23227  4065  7600  25599  345930  6854  20646  322695  23667  43687  628069  1.48356e+06  53011  26803  1.27378e+06  113577  0  2.15448e+06  738129  186480  765390  93101  129481  84448  41980  148961  90595  8382  80518  1072  26472  248950  24736  107471  49805  21207  125831  57632  224581  
1584  643  1202  1215  329  190  2143  4192  234  855  699  225  297  762  6105  1177  720  105042  25605  63943  142866  73007  78238  32503  19480  7400  3147  6207  3286  6262  260  6169  242  1161  27312  1904  16854  7226  2949  29073  6107  2182  417  1199  1678  318  277  2395  8845  159  450  446  567  703  1972  73472  464  564  182372  10373  1.1765e+06  0  415916  108330  230546  16533  24096  12618  4961  11796  7418  204  7326  96  2844  53266  1771  12281  4912  2324  23769  7282  16564  
424  180  310  395  69  52  559  1110  50  129  72  106  156  205  4221  114  120  27258  4605  33059  62167  63395  22623  42263  4670  3106  1220  1700  681  1647  55  1365  45  241  16662  429  4011  1741  1634  30944  1683  3248  392  1146  1795  196  144  2353  2524  45  190  32  173  163  188  115892  186  87  39160  4655  405790  278541  0  170330  553118  13600  38375  17111  6542  9870  10897  63  7982  31  1747  46851  987  8777  2152  2193  32124  6172  6678  
1821  1100  1694  3005  610  701  5042  9111  1494  1609  290  290  244  274  2909  769  977  119806  28486  41601  56734  54466  100641  50397  26783  9022  3773  7539  4527  7673  313  6334  239  1263  53232  2774  18954  10001  10289  34900  8523  42574  9594  23843  22305  6038  21556  58414  34620  48784  20074  311  297  297  307  13929  3609  5364  439786  1.6125e+06  281121  80327  275342  0  344020  1.15489e+06  23430  41180  82869  1.24462e+06  820726  5363  222545  193  31850  260660  16858  156142  28871  22334  65263  80201  103215  
1025  472  840  1476  159  121  1580  3108  145  372  209  244  222  356  3365  294  261  32865  7245  29332  53565  96845  26913  180212  8202  3767  2274  4175  1587  4138  116  2868  77  540  41101  1106  12720  6989  13858  55071  6152  22077  1518  5040  11510  912  761  10669  10316  234  958  157  566  537  387  764674  1076  446  88256  29115  682440  191078  540513  431351  0  1.80494e+06  513260  199438  58703  119663  74484  280  35848  125  9381  136145  5772  48394  13612  18410  224729  39760  23653  
654  430  655  1478  261  316  1967  4603  664  860  390  206  170  279  1250  954  985  23659  8143  12678  9568  11082  13218  13553  5467  1373  1249  3010  1979  3560  227  2333  112  443  25033  1372  11490  7723  13570  22128  5819  24131  2486  7267  13051  2209  8967  20732  14451  16656  6538  243  515  473  310  88287  2282  1227  49000  174226  68078  19462  26249  974214  1.76248e+06  0  1.6869e+06  1.71287e+06  419080  3.41205e+06  187699  487  51443  87  12185  156654  20126  62119  17750  23708  638529  84733  41048  
154  112  212  439  86  138  637  5353  133  243  243  284  289  398  776  195  236  5529  1482  5017  2376  1429  1838  1745  713  245  249  640  324  786  86  636  49  139  3598  329  2373  1707  2283  2679  1136  6636  473  870  2506  526  551  1684  17634  442  507  102  1308  1077  307  257449  524  206  9750  18235  57727  14561  17884  42697  432400  1.25694e+06  0  1.14451e+06  70884  76994  8351  78  4562  38  3223  14687  1465  9033  3486  2880  400306  94845  9513  
195  207  297  807  112  141  1042  3603  241  895  381  177  158  208  291  424  237  3191  960  2444  582  377  526  685  297  85  152  569  256  483  61  418  32  105  2058  400  1260  886  753  993  526  26443  2313  1717  5283  3583  1479  3331  17396  411  2886  506  568  490  279  75068  7015  1543  12197  7646  20973  4433  5239  18298  56385  1.00984e+06  649326  0  200136  23946  4566  306  10942  151  39519  59325  10140  22436  10320  9755  400641  220778  21811  
1078  855  1601  5602  273  307  3147  5976  438  2060  815  574  234  238  586  954  724  8810  3680  5721  1632  4015  3914  8680  3068  548  798  5767  2236  5287  173  2087  44  399  9074  2048  13266  9459  20012  14630  8941  118089  5642  11414  40329  5636  4820  21969  28006  716  9207  1328  640  599  561  6518  19396  5963  52715  28182  28870  4694  8864  91070  40964  333600  14541  447568  0  735798  511063  1577  430982  639  90819  234942  35767  125428  67282  65743  182070  456308  57050  
1401  1597  1701  1918  1156  1407  9500  14229  3331  3369  1281  171  172  493  3050  3231  3728  50702  20056  31360  5253  6059  8316  10141  5170  1023  1610  6305  5841  9584  924  6609  400  1218  26304  3618  21864  16479  17551  21635  11696  13745  5937  6955  7838  30109  194501  101717  25892  78661  79885  1078  178  180  856  14206  18648  29313  83296  401183  100813  13276  21265  1.67238e+06  133837  3.70335e+06  43348  94649  288687  0  4.26618e+06  4972  54679  269  17768  237115  34868  68774  34424  19259  276641  65648  53918  
1950  2528  2684  2928  1605  1744  14214  20230  3439  4540  3916  243  301  1375  3655  8956  8689  103707  26354  70252  5460  9599  7962  20109  5960  971  1861  7023  7585  12515  2619  10489  455  1573  42411  5687  27426  19792  17775  22931  11492  18661  21223  8163  9073  89772  362827  127380  40041  40767  111635  3652  190  202  2801  20017  42197  580204  180292  751945  193946  22593  64856  1.15625e+06  184626  155269  10998  15317  415739  3.65671e+06  0  1.36992e+06  3.49837e+06  761  40411  249372  52405  82406  38721  18592  84887  39238  80625  
251  709  578  576  350  331  3690  4637  455  993  1692  67  68  524  466  3499  1642  17229  2325  13264  268  187  337  280  529  70  219  656  712  1272  459  1522  87  183  6251  1005  2863  2143  565  1511  913  2710  11150  1318  823  43131  88729  30797  10693  2595  18954  1544  30  58  780  2665  13077  754250  27582  560068  34538  2505  700  42150  1897  3822  1023  2036  7485  47683  2.50231e+06  0  1.30841e+06  1478  26886  48666  14158  17675  8492  1661  5377  3842  14146  
2330  2742  3533  7407  1693  2114  14541  29717  4192  10431  16107  706  650  4268  2703  30563  11733  135150  18794  102670  5400  10666  7697  23333  5648  853  1867  7743  5857  10886  2994  11692  681  1694  45372  7398  27315  19527  17391  16918  10392  236691  60077  33004  46177  139903  306927  99061  115621  12001  364360  18882  500  577  7267  24622  450110  1.67796e+06  430010  440663  312220  28727  71099  632825  196170  104488  14454  38176  448807  141107  3.49121e+06  1.13819e+06  0  603944  1.13535e+06  235232  76233  324912  72827  48639  59101  91750  114094  
45  85  67  97  82  119  534  1526  478  1026  1927  15  45  525  72  3630  411  3367  311  4585  100  45  81  47  70  12  27  105  92  196  78  386  31  68  1025  218  646  428  91  181  157  5530  3059  636  381  9750  12214  2029  5686  392  66164  2506  14  25  454  520  143571  229538  23788  5586  11123  734  151  1482  487  1109  239  2175  2920  6280  8255  6135  466263  0  393228  7293  5348  22168  5387  643  1670  2540  4638  
886  3058  2587  4221  2656  3562  22709  56587  5110  16766  9578  481  823  1968  695  12639  2053  19203  2890  19513  800  980  963  1858  697  122  343  1357  863  1636  408  2094  189  412  13598  3479  6340  3831  1304  2182  1465  1.20283e+06  283109  45742  31662  959276  1.7151e+06  112292  318306  8024  1.43614e+06  16016  282  394  2281  6359  1.52797e+06  807883  187561  78496  65489  5194  5734  60592  18833  22287  4018  75999  104541  84393  127544  71435  1.70386e+06  817539  0  130967  55157  271577  65163  11067  24348  86528  58169  
3547  11071  10560  19278  12064  16999  102370  239058  12441  20692  5440  2918  8334  2528  7440  7427  4140  55912  18980  53312  10348  10849  13770  18964  6736  1777  4306  9760  5136  9795  1147  7572  436  1554  217162  29400  45855  58333  36648  34751  26763  129529  78893  263208  143824  100039  42685  558197  1.54695e+06  40363  341425  41740  3618  3836  4554  123010  497716  65238  1.23395e+06  223345  743840  97393  37691  425625  184934  282299  100406  256588  537304  849324  306244  8426  146880  2705  64829  0  1.65067e+06  1.10323e+06  919463  450961  2.39131e+06  1.52782e+06  3.29916e+06  
1884  2999  4561  14763  836  743  10648  21194  3240  12924  4794  811  420  807  795  2167  575  7404  1612  8550  655  638  807  1230  563  154  275  1586  521  1346  196  997  64  224  8153  4980  4144  4280  3686  2397  2105  153537  152439  281703  112147  35234  33929  752407  190740  43091  226171  21301  1930  1633  1435  6481  88961  9446  62062  11726  54998  5204  2068  17764  11058  57806  4321  26163  52300  89475  28063  3859  47872  5709  29124  948755  0  316367  225042  1.02976e+06  322309  69729  186681  
1846  5935  5816  14329  4434  6963  40926  117398  16346  46488  12586  1569  2669  1510  1418  8400  1555  16070  4595  15210  1984  3434  3828  6865  2231  486  838  3741  1650  3521  340  2433  148  538  25212  8088  22489  16584  26317  9425  8140  284379  115546  266059  125666  122724  43329  598823  863032  28555  422274  34125  1567  1981  3189  20207  468676  26125  287666  108547  128716  13680  8108  104528  31645  39655  11097  38113  53910  113862  60424  3900  58909  1967  163928  522051  709917  0  2.01033e+06  264702  100758  144428  300631  
367  1330  1192  2199  1332  2171  11226  30404  4690  8091  1800  255  617  349  506  1935  425  4932  1608  4724  535  571  1070  1076  669  266  260  740  549  989  103  705  39  124  11972  3008  5272  12804  5314  2837  3028  20651  23218  33175  11534  32509  18084  78494  235359  10925  230070  13979  156  236  605  6363  185027  9101  103229  56135  53356  5154  1216  14108  5287  16325  2923  6033  10606  45388  18610  1072  11787  450  13486  292196  247666  1.55911e+06  0  19068  335914  87864  611496  
1052  470  1065  9175  94  74  1410  3351  128  283  280  3338  1748  1532  852  127  100  1198  570  1002  252  506  570  1117  431  184  538  4146  354  1643  23  797  12  317  2090  1861  2495  1475  4120  1509  2147  119872  4788  45278  94718  1189  1990  77669  9011  781  4859  261  14602  11417  6075  2311  2559  383  4229  2564  4405  704  1282  12585  9225  7062  2302  10769  44295  31477  18933  95  9170  41  3638  138639  465779  78264  5892  0  27166  15012  14470  
496  324  562  1582  162  226  1573  5347  411  1691  1108  723  498  1107  1608  2260  1171  14284  4690  10936  2716  3045  3093  4685  1877  567  855  2043  1481  2546  315  1818  74  297  16973  1987  7941  10120  11801  10823  4103  15915  1702  4108  25725  1542  1308  9039  21320  840  27896  2905  4383  3640  2383  107047  26905  2206  43530  20739  55016  14653  14293  56466  124599  374727  518274  981119  231613  195789  37986  376  12210  136  7905  1.9373e+06  108527  62970  170323  153136  0  1.40132e+06  274918  
357  302  571  1176  132  181  1401  3271  226  1084  492  315  203  283  408  874  502  6990  2093  4755  1082  1409  1628  2784  722  187  352  1041  644  1108  121  797  34  134  11768  1578  3746  4614  4797  3727  1624  12417  1347  3523  18813  1427  1218  7331  14742  574  6934  711  1821  1569  1057  24156  9062  2811  75497  29773  42155  6275  7556  85937  31782  26076  132283  554759  331801  151751  34484  697  32040  351  30359  1.0546e+06  79465  78223  122284  124529  1.63143e+06  0  165106  
19298  24715  53188  30456  16211  18708  191580  625084  43175  471848  79765  1444  3777  6344  24580  266109  22521  471643  115628  354651  15224  9666  52386  25813  34367  27651  39755  50171  32141  41112  3603  34420  2684  6016  2.95042e+06  894576  345949  1.86921e+06  67631  128290  162243  30347  18689  37268  47055  25599  26467  116380  524410  25872  351723  37493  695  931  2554  29276  448172  30027  509663  99557  262568  25344  9007  147040  52567  53050  34651  37984  57884  77025  37560  3221  31073  1019  22788  2.93266e+06  362845  674738  2.28692e+06  35433  731131  391015  0  
