4839845  
2775507  
719135  
4153076  
4465198  
4480173  
8850536  
13908406  
4370799  
6850361  
2953722  
2461871  
2431137  
3425097  
3038075  
5955827  
7878326  
6660854  
8806746  
8682706  
1404063  
1279722  
3937498  
3899798  
8035304  
2304798  
2165233  
2259392  
8836449  
9597275  
2908654  
9901917  
759513  
6848598  
10867275  
4055575  
5937829  
2374096  
754878  
4146267  
2518473  
5368555  
2312962  
641240  
4005693  
3526846  
4691392  
8181557  
14360969  
5044041  
7646189  
2172141  
2864117  
2178992  
3280392  
2924464  
5907398  
7178217  
6806156  
8108972  
8870074  
1690618  
1107595  
5180385  
3845431  
8104968  
2227932  
1882187  
2219004  
9231448  
9637513  
3194620  
9011142  
868741  
7106372  
10824878  
3501876  
5363625  
2329833  
740464  
4274521  
2360160  
10460577  
