0  1.40563e+06  38066  722009  278963  16598  467830  16975  3113  11387  3989  4609  1511  1430  4085  15299  33908  49973  20365  25170  16867  39772  82813  108027  90975  14005  64321  140180  170544  105012  2824  161112  1292  1.18646e+06  104795  277914  859522  48100  362181  63651  259076  9490  739  3438  25397  733  406  3405  7620  920  1954  1180  827  303  707  1646  1583  1554  7937  2534  12706  3369  2953  2988  12276  2509  662  1089  1311  3020  2094  783  3217  116  1111  12490  25010  5442  2475  5573  4153  3131  62894  
938497  0  23353  5578  979277  23862  450013  32714  2978  9516  3554  739  548  567  2449  9088  24361  30422  12781  16544  10610  25388  43340  66960  34748  9704  13487  17963  51488  29641  3629  38718  737  79511  484975  673540  459285  81591  47516  59212  56458  1504  11210  8379  7482  13530  6404  50059  48637  11439  4760  1013  478  131  442  1070  1814  1145  6117  1793  7851  2095  1945  2994  8073  2362  438  1164  1241  2205  1942  483  2467  109  1609  31992  9666  8122  5380  3518  4775  4308  229122  
53787  11350  0  152934  3981  577  275183  94461  984  955  294  269  357  262  217  420  186  1383  449  1278  545  746  1304  1999  3238  638  3029  2354  3826  1372  28  1004  34  268  33223  159919  30312  7870  57334  4489  9311  6484  5395  23986  31102  2298  1362  20000  31167  3146  1490  111  859  135  142  91  259  144  482  203  668  218  307  692  817  580  38  306  552  528  596  61  362  12  340  4273  18553  3340  844  2817  747  1178  18226  
805506  3592  286291  0  3006  801  28128  528630  1299  1228  1208  822815  11706  8437  2990  703  521  3953  2269  10950  2949  4731  5475  12096  46746  2128  63359  85147  30442  27990  165  16020  57  2501  19972  64859  35970  4519  93782  15394  57323  188937  16840  174034  1.67829e+06  3981  1888  56817  266532  4315  3132  672  135857  15545  10633  1837  1035  867  2789  1633  12405  3735  3358  8078  11602  8533  497  4620  13653  9219  10614  463  4045  40  1511  12046  343645  27936  3160  49038  6114  15998  10460  
236763  929376  8020  3353  0  1.38001e+06  1.15124e+06  162734  12132  43471  12561  618  1706  1678  4896  47065  123766  81135  69516  40467  15133  26197  73966  53350  29924  5268  18478  11311  32007  50789  20802  135355  3741  600018  582043  588321  461933  76165  4627  74014  37493  1148  8345  2832  1992  83413  32641  217004  173466  62904  12338  3089  664  1089  1447  2305  4689  3360  11877  4589  15850  3498  3614  11002  10677  6720  962  3503  3647  5400  6643  1512  8391  238  10494  94059  23273  23080  15527  2511  14391  9307  252311  
45051  165095  8705  4324  1.12412e+06  0  461805  256127  478586  1.25017e+06  9046  237  1968  1086  2172  62458  179321  43258  73500  12733  3335  3783  22545  6785  6776  972  2614  2709  21726  50470  22259  292807  5972  1.09467e+06  90999  72725  103301  21857  957  8987  5436  563  1870  1599  1244  36826  40511  104732  134087  98797  34240  2078  303  337  650  888  3011  1816  6440  2637  6209  1125  1142  4264  2353  2581  336  1462  1736  2564  2842  601  4383  154  8065  44677  8518  15275  9424  704  6080  3720  69060  
419218  483523  407404  28777  1.58257e+06  960897  0  2.32135e+06  1.25177e+06  70815  8938  892  2520  1878  4245  12730  13435  74481  143580  25124  9758  15797  64696  32970  31948  5829  17536  15165  85234  76913  4735  20060  731  8172  407554  722836  383383  70175  114997  56930  51880  5285  38662  30137  22352  193255  95734  569167  490391  213499  36258  3042  2092  1938  1310  2811  6194  3523  14182  6825  16828  4714  4888  19829  10887  11864  1239  6313  6953  9315  12405  1931  14216  296  23473  180969  60632  51603  27441  9937  24978  16127  229619  
18617  49994  250373  946382  390425  405837  2.19107e+06  0  2.08474e+06  576976  615457  767715  1.36126e+06  778700  116732  32209  18438  130942  35916  595950  104348  41034  60524  40630  26561  6619  19761  15652  23990  25614  6089  59926  1964  45965  524326  352045  654547  175357  13859  58873  35342  31722  50299  94092  220979  217554  153064  619484  2.61012e+06  610136  407346  37666  210319  194381  79702  17926  30476  13299  54127  21317  134233  23484  13140  51217  27292  26491  3883  14599  20192  21941  31453  4988  43253  936  84347  398535  172328  217797  111211  20975  60383  35197  489481  
2534  2774  8336  4031  28241  981366  963837  1.68856e+06  0  1.74989e+06  4714  133  147  153  297  12493  7743  175628  196759  4365  940  938  76594  1958  21300  690  2113  2397  89939  27996  1037  13211  536  7205  70833  64295  40126  27214  591  6738  4031  418  1791  1704  1132  7291  16122  25385  86869  89710  71617  2389  104  88  211  265  3034  612  5400  1838  3082  456  428  1327  719  860  132  540  822  1061  990  191  2176  69  4627  12762  4512  8887  4944  568  2783  1473  60774  
22171  49468  9697  5598  97913  1.15756e+06  204800  1.25582e+06  1.5635e+06  0  201234  554  908  1831  1691  2.05308e+06  385895  203919  125980  22701  4289  3127  33295  5223  16194  1523  9077  19687  43459  66233  24361  570305  48729  704303  392601  365230  409538  373558  2285  23322  19599  834  2734  2263  1839  3945  3728  12566  130535  22901  267891  35368  258  182  1877  894  38934  10967  16066  3894  10911  1012  945  2970  1808  2387  400  1578  2324  2089  2102  965  7915  620  7539  36089  14485  25701  21677  932  14514  9422  473195  
948  1278  3921  9330  4427  2877  4949  697477  2597  171593  0  12461  55486  988161  7228  75124  18392  27643  1505  914287  8508  2180  1893  1637  1524  404  1170  1600  2327  3167  731  21355  3944  13148  22159  7596  22689  10107  446  4247  2001  1189  1257  1310  3202  2967  3128  5939  129147  9371  225255  228545  5351  9238  58727  3925  68384  35244  51356  15422  59022  2161  1124  3558  2117  4269  1709  2697  3341  5082  5418  4299  21646  1739  11002  50363  11050  28718  18618  658  15710  5650  45849  
5178  1983  14070  666421  6229  1088  14524  1.148e+06  545  1709  7716  0  547198  311733  60598  2142  1759  5182  924  232941  20692  7019  1966  4303  9392  1177  13089  9998  4751  2082  166  3123  192  1738  21419  9894  14352  3989  3736  10405  17432  27176  3642  15926  273109  7357  1895  27422  255587  3964  3591  7531  746292  210999  157469  17770  3695  2351  5497  2183  139573  28448  3283  7711  6735  5526  1464  3654  6878  4581  6554  788  5006  117  3074  56336  34128  19408  21012  9551  7583  6573  36419  
1848  2447  20842  135824  12572  3657  16864  1.35363e+06  1177  2551  28817  524171  0  715475  142205  2824  2502  6849  928  312997  38041  11134  2190  6565  5994  2094  8131  2769  2649  1631  214  3612  304  1709  36548  8622  20061  7390  1808  19345  7096  4545  2147  5213  43742  8370  4656  18072  235489  9417  6819  14160  114565  391353  104383  19244  6234  3926  7972  2578  103262  12904  2517  7008  5089  4347  1369  2778  3905  3447  5057  1074  6368  213  7291  54162  11836  25572  26982  7523  7362  5138  41999  
1694  1215  7450  124819  4390  2520  6286  791466  1693  15412  1.2468e+06  413863  723483  0  416343  8835  9709  19312  2053  840889  68070  17387  2418  9475  7734  3424  10661  2595  3781  3068  515  11468  1215  5320  38273  4872  15228  5459  1121  31755  6846  3547  1139  2724  36016  2997  2907  6772  147525  7052  64979  116204  67145  86781  811656  89339  33533  19732  36110  9372  243369  25231  3655  4381  10767  11348  12088  9403  4762  6427  5581  3216  15071  1000  8370  42911  8623  21168  12253  5568  17183  5395  32624  
3555  2421  4861  44302  5181  1130  7613  120523  728  2455  7774  76810  116516  535159  0  3203  14239  63298  7186  1.98615e+06  321298  256763  11598  640998  124121  141472  154540  5580  16779  11001  1787  26748  1765  11385  176948  7808  31763  13698  2121  352631  29224  2770  1871  2872  14740  2545  1031  5620  44434  1252  6654  23232  18794  22688  256940  369313  5462  13224  78362  23029  392396  44838  14729  15960  25231  19693  13208  11469  8846  31026  22700  10295  27558  1167  7592  55491  7218  23090  11473  3568  44005  14872  71521  
17709  40072  3317  2897  82204  45726  30002  71692  69557  2.41834e+06  107379  805  1102  3341  2096  0  2.30938e+06  592681  111642  45942  2906  2098  32540  3721  13513  1094  5798  27168  54720  69251  25175  724024  186667  816568  214461  51416  496184  378445  1716  10776  10978  472  1016  823  899  2370  1790  6660  16789  3198  23873  28267  262  207  5849  1734  35727  26120  30807  9559  31284  1148  876  3053  1454  2561  796  1523  1664  3088  3235  2556  13680  1184  5051  31950  4967  11188  10732  561  11683  13214  317670  
42495  118026  4706  4567  231045  142276  101787  77757  75155  473929  101353  3885  4732  16401  26586  2.80053e+06  0  857278  1.86202e+06  254725  11465  5241  60406  7111  27795  7503  14139  23216  119293  357250  350861  2.4757e+06  547710  879766  136860  36758  389473  125011  3389  62792  18470  1389  2180  1915  2214  5635  4024  13965  32855  6835  24120  59786  1202  1131  28800  16064  65804  56246  131693  38553  167408  5141  3688  8912  5787  12049  6428  7196  6785  19592  17557  12849  44789  3150  13944  92680  9994  32641  21557  1607  34790  16657  144188  
26800  19481  7187  6130  35535  48081  71761  71267  326318  382019  24597  1400  1041  1909  5776  553214  679927  0  2.63541e+06  648400  71949  15506  789719  36592  180478  18825  19116  32356  299762  130399  10726  147169  5632  79471  132710  22063  194267  71916  7402  206821  34067  2235  3086  3313  3306  2974  1878  10086  21716  4507  12675  7171  387  281  2878  6455  9962  18458  109741  34112  131215  20282  57136  63773  61120  24146  3275  6096  9007  36909  23795  9380  30834  1308  8755  107303  6849  25861  12124  3131  48141  17906  97494  
22185  20924  5317  4662  63163  95916  207545  46909  620378  311403  8397  1173  1161  2367  19138  45209  1.68252e+06  3.12697e+06  0  114428  19393  8896  1.76976e+06  14466  133759  13541  22058  28055  744596  1.9606e+06  749531  358465  5728  89525  90102  20714  152369  51154  6197  184048  28671  1402  1944  2013  2115  3066  2236  9578  18985  6492  9056  3642  357  305  2544  6749  4622  8923  55621  14377  75703  9189  8704  11567  11179  9637  2396  3942  5984  23676  15421  6226  19552  823  5787  42597  4552  17543  8371  2332  25720  12124  68334  
30564  20273  32367  134119  31175  5495  50323  689355  4168  26494  669445  296538  417102  880784  2.37637e+06  43467  45964  786167  56198  0  2.03266e+06  962497  87871  891151  219014  346814  179360  41952  201732  118122  11494  122330  5540  40940  354299  36123  169869  54608  12409  701764  68960  10861  10133  14474  46810  11908  5119  31000  194872  9172  37713  59419  70180  49418  160496  173889  31215  55882  375810  124279  1.4045e+06  108628  176774  195900  191336  91753  17385  26655  37134  153491  99011  35975  119771  4588  33474  339685  29257  99146  45695  9189  178493  65120  205040  
3025  1943  1322  2832  2446  263  3308  22145  208  479  549  3593  6825  7613  134419  319  745  145440  2158  752880  0  605119  52235  220245  29401  46510  16757  3313  11968  7422  479  14169  212  6224  69090  2238  19470  6221  868  102516  6556  407  497  573  1133  552  159  1599  8134  251  654  1602  1505  2024  3302  9329  547  657  21713  6618  71732  101598  59563  29871  57465  11740  1705  1989  1785  6733  3809  809  4536  95  1171  39995  1153  4040  1451  470  19731  3417  12694  
8444  4591  1414  1731  4297  144  6178  9726  140  315  300  1398  2660  3964  82291  189  388  32777  1127  202925  555641  0  59183  661991  40828  85553  13389  5590  14185  11636  291  12318  120  3747  68432  2607  26847  5382  1244  93717  8076  309  604  535  754  446  74  1826  4118  126  485  1502  483  612  1216  5022  461  301  23549  1705  24875  79148  62679  17243  86460  8120  1067  1340  1194  3529  2309  297  2494  27  617  23975  827  2704  745  539  14949  2365  15372  
59578  35388  5374  5035  37093  8504  72748  32923  104733  11317  2836  852  934  1245  4882  5805  7117  1.2019e+06  1.22378e+06  89206  71882  50083  0  286450  1.14057e+06  35280  34196  37921  1.91421e+06  700923  15771  209910  1044  61743  162902  14055  234181  50274  5665  89360  45934  704  2088  1596  1688  1840  673  8141  12798  1837  1713  1494  227  104  578  3232  1743  1608  41720  17661  83988  19362  84731  89440  95118  24834  2472  3049  2878  10660  6986  1323  7453  197  2036  111718  2988  7917  3034  1747  43455  7454  56527  
54114  25792  9339  8453  19824  526  37785  26038  953  1354  1109  2398  4142  7705  588257  927  1106  164276  6659  741167  408840  1.19489e+06  599369  0  1.76721e+06  1.02143e+06  134005  45245  156507  80928  641  53482  262  7670  220408  13653  123929  20720  7652  457258  47850  975  2415  2181  2584  1332  284  7883  12760  531  1403  4203  675  671  2613  12307  1332  961  15531  5826  49342  22936  34672  55692  248783  24439  2914  3518  3261  10328  6094  773  4957  104  1240  56530  2863  7810  2406  2603  38374  6349  102841  
39265  15770  9042  18822  11221  1215  31733  30436  8047  3008  1792  4158  4505  6919  115588  1842  1793  275964  53234  222095  135619  177436  1.49664e+06  2.01014e+06  0  2.2224e+06  1.63477e+06  156067  3.92897e+06  83463  1118  52303  612  12217  266104  41600  115153  53737  16014  824375  272128  858  1421  1461  4060  1224  421  4904  12534  772  3547  10395  623  537  2173  4306  3580  2329  23806  10402  42818  10490  19359  24136  39329  13901  2328  2774  2437  8534  5554  1485  7280  222  2181  39413  3607  9644  4751  2973  17705  6537  143811  
5614  2596  1946  2517  1746  253  5985  9620  483  447  406  996  1546  2352  136878  410  378  62203  4211  168728  83501  130770  95582  571725  2.01189e+06  0  672301  11976  137514  13775  204  11642  179  2567  32750  4759  20021  5898  2251  307139  37786  145  202  213  606  192  76  712  3302  129  891  3172  207  226  606  1084  808  440  3677  1412  9068  2407  4450  4446  9790  1892  422  471  427  1299  833  243  1127  44  390  6452  607  1667  776  521  2797  1017  62631  
36025  3040  5195  49335  2104  449  11787  14797  752  2042  1347  6353  3236  4511  49756  1742  1114  30347  4199  71230  21712  21209  40427  65328  1.33333e+06  621695  0  342857  65184  11272  333  10545  293  8750  270837  44766  88960  86714  28414  847234  732126  951  419  747  9018  478  208  1604  5590  372  2563  7649  787  372  1581  1686  2557  1495  5743  1668  9893  1491  1978  2646  4479  2605  1005  1325  1211  2422  1591  588  2145  108  718  15550  2570  3606  1852  2024  7392  3777  90194  
189444  12981  21908  177889  5660  442  50606  12056  1184  4277  2268  13207  1315  1177  2544  3605  1703  24670  6049  14853  9760  13308  31959  31571  179618  9694  233559  0  220940  438863  403  312770  267  41897  127168  52728  265754  103717  57927  104388  584336  2076  491  1019  23297  436  172  1987  4349  386  1762  647  1307  428  531  867  1096  1157  4862  1486  6430  1642  1743  2466  4977  2059  376  1103  1648  2188  1706  517  2025  79  644  9087  4823  9598  2039  7519  3628  5957  57073  
37862  15681  9136  14464  12235  11802  88428  20648  98382  17506  7126  2063  1175  2022  18706  25438  10290  401906  377790  102455  56108  67948  1.68203e+06  176165  3.61828e+06  105467  219770  359565  0  3.69493e+06  14562  90428  2047  20059  129731  26026  135057  47135  12484  333281  95271  1269  1892  1663  2882  1942  813  5803  11630  1683  3178  4622  343  257  2042  9485  5513  5886  54189  20943  83966  17656  17887  24847  29655  15615  4320  5243  5304  19961  12829  5036  22837  818  6565  40435  4298  19331  8932  3353  19040  12704  69837  
76112  30905  9341  21215  52542  39608  134518  44178  78522  33955  41792  4311  4556  13257  37395  79200  648364  353650  1.73804e+06  236528  77055  93953  679811  164333  140972  29769  60476  399338  3.13872e+06  0  2.07289e+06  3.63669e+06  6050  66615  174545  34622  248312  82861  8213  197214  53105  1936  2847  2702  4088  3726  2139  10933  22680  3382  10520  23553  1151  920  15009  15742  29001  29015  99484  29273  140027  14192  9757  13643  29325  15305  5808  7040  8367  29338  21833  11474  36587  1994  10539  71490  7857  29442  16614  3057  38845  17754  132032  
5086  5022  1591  1533  14156  10602  17072  8756  7441  6291  6483  763  884  2465  11752  12624  624435  119677  1.27907e+06  73127  21874  6509  81090  5695  16930  7526  10219  8056  66389  2.0475e+06  0  1.08582e+06  2478  12389  27779  5605  40520  13189  1815  80678  8117  719  830  928  971  1007  524  2899  5442  710  1990  3777  282  246  2547  3760  4708  6325  28333  8439  37065  3232  2185  3618  3004  4262  1233  1928  3122  11827  8822  3734  10665  493  2700  18521  2156  8382  4079  846  14723  5574  22038  
225984  136592  14372  71253  197744  199069  66037  105907  20764  271037  93584  10469  9778  29610  58817  569969  2.45345e+06  610552  459317  483346  134991  96482  372074  143063  107466  39533  42327  488582  146881  4.16434e+06  1.07618e+06  0  841664  1.67596e+06  286565  76716  815442  142230  25902  220917  143380  2988  3761  3563  9275  6565  3785  17121  42490  6721  19644  44495  2406  1918  32327  26274  50651  58783  182315  55705  243438  14662  13046  20819  32057  22652  9648  11455  12523  39529  32916  20489  63267  3777  18215  128757  13619  54649  28640  8528  62063  29173  219767  
4955  12136  290  272  16323  5972  2307  6589  1249  25182  10545  210  272  1101  1311  118879  357704  38952  7862  23056  1466  540  2419  557  1296  472  737  1767  1880  5906  3155  625599  0  389956  8735  3818  54431  5185  190  1861  1082  59  132  87  115  304  237  749  2223  389  1921  5580  59  60  2741  1240  6097  4022  7333  1925  11643  317  264  554  427  794  570  533  364  838  791  660  2837  249  892  6519  657  2031  1531  106  1926  915  9592  
1.24562e+06  469434  2595  8009  1.06186e+06  1.67233e+06  33938  151720  10590  1.2325e+06  53902  1282  2396  5383  10215  1.39013e+06  1.39493e+06  249699  76279  121083  21396  14868  64820  21452  19462  5569  13344  62745  26200  92145  35262  2.18066e+06  1.00776e+06  0  89892  54264  956449  35785  4567  23068  24737  541  1009  730  1136  5831  3262  15399  32624  8178  10120  19474  530  472  8611  5039  19827  14502  29773  8341  45087  2515  2436  4441  5543  4090  2100  2269  2052  5173  4742  2974  11768  762  4684  33818  4413  11447  7783  693  10438  5277  67968  
92072  95739  125409  49934  145266  60789  426815  1.906e+06  75667  796129  297500  19353  46790  43940  93861  443785  86687  776353  146306  404511  151591  111486  303841  173208  517828  61634  676641  203607  333602  207247  9183  277540  15307  112606  0  3.20336e+06  739752  625357  142664  2.36196e+06  1.35907e+06  5039  16273  12872  16478  43776  19211  137972  455287  62046  58733  26746  5112  3783  8582  16819  25594  13662  64706  17801  84444  17580  20684  42060  44716  33446  9396  18424  15739  23164  21151  5100  26630  987  21419  625026  53336  89538  70868  11124  135544  95239  5.11388e+06  
124389  78722  192731  34653  108850  9046  503913  276037  11435  77834  42331  776  3654  3000  4628  52169  15736  75955  11978  45971  12309  10602  26333  18003  83911  6716  93594  39556  59875  24303  970  51663  5409  32660  2.02394e+06  0  308353  278692  743451  263027  196550  1448  5558  4635  5383  15221  4273  51903  86598  10555  7441  3735  825  420  1080  1609  4472  2253  8750  2527  10356  2155  2113  5953  4605  3943  712  2485  2364  2783  3344  713  4012  147  3424  109025  15565  19665  18227  4762  11887  12912  706292  
236622  206485  163163  52731  230267  12218  621723  887229  17856  344967  129599  10065  14228  13811  21767  273102  58053  343900  88589  189808  43288  41214  112897  76621  87719  20102  75947  164921  108554  74408  8767  193441  4600  146587  420553  1.06651e+06  0  1.87958e+06  548693  92536  194502  3114  11911  8232  11700  19808  6407  73089  166616  14937  27274  16611  2549  1416  6324  6009  16666  12227  30185  9260  44315  5579  5795  11041  14584  7735  2160  3969  4357  8346  8090  3276  13169  676  7243  68450  24029  49905  26130  27738  17963  16422  381436  
11345  17529  16604  7942  31016  4146  58695  315437  5961  168286  42394  2694  4308  4089  6466  157475  18352  150508  63544  59376  13567  6727  40025  6850  26713  4076  23448  13802  34531  21896  3592  32542  1854  15204  160061  212687  1.53494e+06  0  42978  27601  84704  715  1834  1596  2460  4788  2022  13647  49383  4594  9269  5072  660  459  1822  1917  5657  3851  10202  3098  13739  1981  1924  5074  3345  2862  697  1548  1614  2655  2671  981  4425  232  2437  29607  8591  19188  22336  6964  13692  22508  596023  
218010  7817  79353  42623  2028  192  95433  4041  452  1206  535  1469  336  323  610  1033  512  5963  1376  3618  2333  2689  5238  6685  32124  3087  39191  23748  23386  5207  91  4525  91  1215  46459  441307  288284  31668  0  21153  110848  720  318  874  2566  246  103  1283  1936  230  668  224  119  31  117  259  560  384  1603  522  1816  575  700  1132  1569  763  134  328  553  653  501  135  610  26  197  3983  2616  13117  1979  14778  1238  2986  14320  
25486  9846  20900  37724  7971  1956  35676  35260  1629  3892  2778  24037  19793  33439  160875  3761  2290  66575  9544  206087  74808  78314  84814  191093  850204  291027  2.11066e+06  103919  213636  56825  540  44662  600  7460  2.30117e+06  97706  107619  67097  58001  0  1.59788e+06  3670  3672  7377  12710  1774  718  10845  23045  1144  6751  24450  2137  972  6449  14250  7819  6351  37284  9589  57915  10911  19349  27558  46192  26162  9047  10718  8205  19866  11557  3347  12832  534  4032  135854  10287  16304  8187  5479  96383  20859  186216  
10192  2793  5565  7955  2258  524  11922  15406  1037  3680  2140  5402  2583  2497  6940  3130  1567  30192  5001  19789  11813  8967  37317  13539  653632  33040  1.78255e+06  143689  60568  14727  422  16501  254  6689  717485  99237  109414  181495  62906  1.12608e+06  0  728  526  1040  2354  577  250  2215  5898  571  1544  1077  384  136  578  1253  1167  1081  5184  1524  6803  1374  1874  3016  3605  2409  652  1332  1285  2088  1522  484  1822  77  595  25318  2810  6180  2627  3494  11283  11831  159483  
2040  1312  4935  15352  2869  631  9488  14631  534  2146  1890  1942  771  404  1334  1290  1575  5612  1058  6561  1360  5042  1189  6605  1248  342  1250  1165  1703  1319  250  2404  128  890  11494  4782  4239  2004  1163  4020  1918  0  1.77132e+06  123609  843675  384649  97655  463425  90118  2251  11564  3306  5261  2301  1967  5600  10229  14066  15799  15595  19046  13107  20846  64462  72711  39949  2790  71844  316170  60000  175559  12556  270093  1212  1.34226e+06  118775  87211  300732  42411  99280  43955  71614  61871  
2108  5499  14143  6521  6549  969  29436  15831  1392  1897  1284  275  250  268  1081  1018  1292  4744  1004  5394  1250  5008  994  6669  941  283  813  609  1509  1151  224  2128  120  743  11769  5674  3615  2192  701  3694  1549  1.08855e+06  0  21565  8023  532608  24688  278781  48757  11608  12178  3108  590  334  633  5048  7434  7111  16679  13193  17934  13000  22768  73664  63744  36485  2747  14960  26598  32801  62935  6478  38644  218  43324  264650  280994  308478  62560  57816  59839  38724  107756  
4466  1637  42142  60549  739  144  12463  13635  228  301  267  423  137  105  324  213  394  1393  308  1595  405  1773  401  2633  544  98  607  471  596  413  77  661  39  207  3376  5443  1646  540  2341  1376  1125  64966  6922  0  146849  1995  879  201019  88714  1098  1454  392  384  198  203  1283  1204  1077  3847  2978  4141  3938  7533  17922  28711  10795  697  2060  8485  12484  16881  800  4687  18  2235  12190  46180  108131  6391  32059  10021  16422  6712  
54803  8796  192849  1.54239e+06  3890  486  58755  136250  548  895  994  323077  8116  4779  2105  691  828  3308  898  8215  1814  3441  2044  5393  17648  756  25312  25825  6906  3852  120  3255  75  2196  16454  37308  14467  2796  19161  6975  18662  917772  5878  198327  0  3642  1618  19107  761597  2226  2696  1164  1.038e+06  44303  28949  4358  1566  1731  5532  4355  29607  9831  9674  24453  38038  23996  1334  10175  47183  32327  45531  1169  15326  46  3617  15973  243022  79079  4404  88550  16661  47392  10682  
1894  10165  14213  5663  78904  27850  151245  114305  9520  3913  2789  271  622  356  849  2514  1664  5501  1692  5432  1377  3152  2418  4016  1952  323  1762  1025  2306  2001  255  3114  152  1337  59739  36693  14956  5107  533  7551  4187  518830  711755  3062  1927  0  839655  958291  150013  45907  33501  6814  1033  2644  1062  5014  18878  19109  24035  16085  24129  8658  10801  52564  17555  31562  2540  17238  16495  43674  55582  17565  54737  1025  362138  383833  243614  121951  73028  6868  62869  30594  141723  
2017  3315  12405  6800  33363  50659  78254  132078  47079  15734  5651  379  2169  743  573  3668  1463  5148  2179  4899  1106  1451  2162  1811  1597  248  1311  1033  1964  1745  189  3919  137  2081  51277  15526  15080  5369  367  5233  3543  118517  83947  6385  3746  1.1049e+06  0  879194  386930  805808  1.8724e+06  9156  589  1303  3634  5415  69629  92475  52909  123345  28156  6423  4968  62142  9061  24489  2343  7989  10541  143006  109989  30007  210836  14664  1.19689e+06  213391  279625  75857  46178  9971  36626  17180  123322  
10422  45069  83106  32777  270009  130810  529968  361119  50262  9852  3864  841  1460  657  1815  4212  3701  14044  5724  11335  3204  6714  7243  9383  5617  880  5158  2894  6479  5577  724  8133  297  3521  164751  115818  42659  12409  2012  20319  11180  395942  360292  179940  12459  1.61159e+06  1.28168e+06  0  2.32847e+06  1.6159e+06  213641  6074  2127  4630  2036  6596  18286  14963  49453  100629  30875  13502  21120  110363  55814  45515  3323  14680  21109  98945  100096  6113  36058  545  50379  278079  295472  257538  54551  39802  57615  32436  148072  
40001  59790  240144  330008  258374  204788  643610  2.60332e+06  354799  199345  83485  78365  54247  20767  17333  14894  8766  40026  14649  77370  15970  17599  18803  21482  13363  2261  11839  9044  15886  12479  1478  25462  867  14456  384037  195112  162557  51982  8799  40586  26920  50802  127538  189077  835076  327170  206106  2.16833e+06  0  2.34124e+06  633571  454581  999265  1.28124e+06  776873  41905  43557  22253  89533  41662  491681  83350  44909  173956  107526  71292  12315  31654  53322  64876  110023  13325  105788  2302  236963  595905  842252  782057  243538  119268  123832  68822  452407  
3386  3643  21592  12856  32168  77035  107565  163841  132103  26206  2279  135  616  222  290  1664  1003  4797  2821  2815  602  714  1852  996  1320  164  1159  948  1957  1491  161  5473  113  2585  41301  14534  15719  5087  388  4214  2651  4165  16618  11720  7094  49830  754292  937119  1.8177e+06  0  1.8737e+06  2592  588  541  1359  1796  15237  13747  116619  164787  12310  1952  1707  26824  3837  12635  889  3241  4778  27155  19853  1575  15712  368  35436  63478  173563  62488  28776  9520  15176  5916  54271  
3529  2667  19899  13753  12074  34331  31618  261084  106980  233918  40629  689  851  1863  687  11953  2438  8725  3574  7840  840  957  1861  1268  1455  208  1362  1203  2230  1516  190  6085  286  3256  32622  10818  19497  11373  641  3632  3388  16403  22644  13929  8909  55567  1.51003e+06  145570  1.02642e+06  1.61669e+06  0  113215  850  735  5754  6342  2.42268e+06  234624  164768  138265  40273  5545  3599  23922  7490  18723  2896  14385  23710  52233  44352  20660  646500  80661  915150  244743  666057  332654  255542  10921  123759  27308  251466  
1134  950  3805  4367  3188  3452  6247  130153  19403  289517  220158  2247  3013  16607  2006  53323  6216  9950  1591  23626  903  476  979  517  1135  312  1148  1224  1425  1346  281  5663  759  4225  18564  8330  11793  7055  309  2923  1766  1180  2145  2265  2889  2866  2892  5862  537969  2415  290710  0  4449  21637  701736  4777  64939  8978  86216  1255  392228  3945  1064  2210  2911  3347  1968  1889  2430  2459  2542  2154  14738  1782  10648  19956  12056  20994  12547  991  9220  2973  26278  
10111  3870  24767  342694  12461  1694  33621  378859  715  3572  7146  694172  92189  42080  15519  5024  2251  5596  1178  63088  11470  5540  1918  2937  7337  695  10258  8629  3780  2062  221  3317  207  1975  29999  20272  15222  4777  3101  7228  11552  28032  2978  11497  668041  7699  2033  24257  1.2952e+06  4818  2375  12705  0  663519  324248  26645  1400  1174  3520  1560  331635  64569  4393  5400  9419  6341  2584  4320  9653  5104  6280  655  4479  69  2583  31941  34411  15505  10499  16617  6827  5531  28779  
2623  1741  8074  40098  10834  9367  21407  273406  8078  6406  12559  47673  290809  89954  12116  6069  2401  6200  1301  67559  9699  4392  1869  2218  1852  386  1844  1541  2295  1875  240  3673  244  2205  43380  9230  16719  5929  612  5460  3199  7983  2473  2890  39973  10830  6298  17713  1.17514e+06  10985  4349  31686  256418  0  416099  25083  2617  1815  5320  1792  380218  48303  3489  5400  9325  5611  3666  3423  5911  4663  5583  901  5991  157  9383  31837  15770  25332  13865  8904  7217  3818  38268  
3650  1412  6875  55226  4309  6602  8835  226476  16669  52111  146023  75267  82910  725067  141716  38839  11994  21339  3402  196668  24270  8305  2301  4172  3791  1622  4004  2335  4370  3820  743  12989  1297  6979  36274  7847  18958  8076  849  13023  3587  7382  1953  2472  37309  4785  4348  7595  729811  4566  26889  909674  107913  330181  0  391110  14001  8678  28437  6552  1.21658e+06  117201  10194  4844  37591  21277  26281  17131  8777  10165  8076  2853  13050  693  10793  29626  12210  26204  14012  18125  21547  6511  34394  
4481  1334  6016  46077  2322  591  4422  33769  808  5753  25319  26513  14517  81497  502295  6606  13879  37010  7226  270338  48193  20272  6114  11794  7249  3391  6995  3061  8790  7005  1651  17804  1315  7079  42144  5842  17278  7012  1540  30793  5495  5671  1765  2741  29122  2950  1378  5409  78745  1125  3659  6681  67320  139349  750347  0  2919  9458  68064  18984  1.95982e+06  267963  135457  23481  681760  226561  360395  210949  16776  48640  22507  11278  35215  1287  11350  70519  10073  29267  17489  15668  170217  28511  38242  
836  721  2908  2669  2836  1421  5841  21996  4395  79712  37942  620  524  2059  941  35240  6186  8088  1001  13590  577  473  993  677  962  229  799  770  1294  1237  249  5183  682  3103  16713  5715  7411  6496  436  2546  2027  11165  8135  2931  2745  22322  43451  17376  64255  35856  2.07627e+06  74056  645  834  5815  4824  0  1.99163e+06  701360  116065  38682  3571  2105  10513  4220  12591  2161  14524  33939  16985  24464  34643  1.08746e+06  535588  721139  209708  114457  405403  291252  2730  122043  35287  263313  
1825  1840  3223  3802  5364  2685  9208  25624  4114  82607  112174  1471  1352  7478  6558  112663  32819  48508  5760  84437  2823  1724  4038  2127  3856  1290  3068  2650  6514  6574  1444  28204  3521  14949  51477  12001  25096  12896  1015  11879  4920  16670  17093  4778  4923  80258  165447  56632  58920  88397  434464  81766  1789  2541  27765  32021  2.77568e+06  0  754820  1.76011e+06  195554  11287  5207  26136  12170  37967  12952  21807  37648  188498  657102  773284  2.34771e+06  416185  449839  197478  60037  244516  149949  3742  135602  46119  184284  
5585  3633  3500  4254  5248  1975  10386  21899  5529  15909  22220  923  782  1457  6706  22721  23174  97534  22917  74905  18836  11621  33508  10119  13947  2715  6992  7174  34185  21622  3523  36421  1980  12480  98557  9111  36164  14437  3227  64479  11592  9064  8099  8975  9061  14135  30248  35698  81202  189448  269796  38684  780  596  3112  18914  894638  628674  0  2.85851e+06  786044  121171  77737  680829  89160  170389  9485  22330  40927  157193  110773  19614  122548  5135  59505  144453  31720  172558  78987  4859  135222  55591  136752  
4161  2846  2754  3427  6047  3852  12865  20978  5404  10992  19743  751  777  1663  7846  18018  15124  73935  14737  68419  10519  5380  22046  6221  10710  2138  4704  5051  28104  14825  1954  25406  1661  10058  69815  7911  27508  11491  2943  36393  8765  10956  12002  11490  10795  66485  176972  181616  62050  336842  216217  10385  998  960  5678  39587  72238  1.71662e+06  2.92049e+06  0  360122  44436  39678  1.75631e+06  62802  277327  22747  36672  54008  903074  1.49263e+06  778552  227621  2967  52523  155505  32970  131018  40957  5897  146372  79484  105095  
25886  13564  17387  91137  16661  4094  30850  122120  9522  41718  78784  49480  26215  71026  215756  61189  60516  375415  84209  1.07379e+06  176024  74771  124020  51684  58137  13594  26806  27240  146222  83185  12591  118486  6179  41749  306481  29603  131246  46909  9992  226982  40414  22167  12971  18146  65371  13153  5965  32760  339797  5881  26842  313149  133939  275027  848109  1.70196e+06  14833  23664  1.2018e+06  93336  0  1.81326e+06  862402  235192  1.0226e+06  293112  197377  113699  73333  260062  143184  32306  134981  3252  38079  244815  36944  115611  45679  23549  333546  94575  155468  
2768  1483  824  2405  1614  173  2920  4888  363  864  1145  929  614  1366  6814  665  1287  58550  7619  44699  101903  72166  36981  35352  10198  2546  2827  2559  19365  7155  500  8584  395  3684  43414  2499  12548  4728  973  31175  4135  1956  1979  2123  2995  1880  470  4291  13255  340  1250  801  3210  5471  9663  90457  899  1222  210915  15261  1.00577e+06  0  584156  163172  407743  61711  23083  16993  10610  34389  21695  3856  30535  312  7471  54611  4258  21376  6307  1492  42877  19113  22467  
805  441  325  792  544  50  934  1810  120  559  1675  219  220  626  2038  581  528  21656  1836  13960  50691  39164  37061  35588  4650  1180  1428  753  4741  1763  108  2099  84  842  34348  782  3510  1252  799  32466  1611  2485  1641  2963  3180  920  234  3609  7051  170  630  320  501  687  2722  150473  456  472  66015  5872  382257  369815  0  140507  783461  138110  62008  27627  15795  41465  18971  1538  17277  109  3624  66448  3148  13602  2822  1670  89443  19728  10783  
6101  3592  2380  3458  5631  1069  11402  18264  1466  3647  4146  1000  1260  2233  11234  3996  3261  133195  15741  74081  46510  35375  145748  74663  28676  6069  6728  5634  41072  15336  1051  17649  835  7521  188728  7615  27709  10386  3265  99365  10179  10240  18007  11318  10689  45972  67877  95690  66349  33020  21172  3884  940  816  2719  52949  6266  15626  755970  1.92313e+06  427831  330985  516305  0  840331  1.34243e+06  24672  49240  62503  931386  1.09605e+06  24537  186878  411  37442  261246  30624  176165  14962  6914  113531  101613  88129  
2758  1388  1241  3771  1583  180  2857  5477  243  1381  4280  826  484  1473  4366  1302  1134  38528  3358  22322  37551  97909  86403  272137  11617  3003  3584  2274  10006  4472  208  4844  183  1672  92752  2064  9390  3383  3378  95005  4653  13405  6285  14745  15297  2504  768  14835  26642  629  1791  872  2993  4233  14035  730067  1340  1317  82869  21715  636790  355896  926553  582643  0  2.39311e+06  486572  168247  95762  284969  86017  3068  52240  217  7898  171627  11477  41531  7067  8469  404045  77728  32093  
2128  1218  1248  3139  1873  479  3849  9410  748  5134  13044  760  565  1867  4725  5058  3705  32063  5813  26399  11186  28295  25289  37923  7510  1668  3138  2383  12607  6110  615  8641  562  3806  62599  3656  11535  5265  2872  43180  4768  13279  5692  9443  10914  13529  17875  29090  31465  9281  7709  2786  2558  3339  16547  354264  4937  5087  92513  147870  189790  96316  208207  1.36951e+06  2.31597e+06  0  1.67706e+06  1.2373e+06  306463  3.44454e+06  196938  4001  53727  324  11102  372124  52084  58396  23210  12257  1.11931e+06  328712  64348  
261  116  256  1326  209  81  397  3196  128  1632  6383  477  143  894  1306  1142  639  2472  432  3347  1288  1852  1548  2797  661  191  390  238  1007  515  58  913  94  462  6089  519  1301  610  396  3244  569  1082  409  850  1558  609  446  1220  9412  311  630  280  1974  3209  14079  378059  373  398  11438  6996  101168  32412  56913  36990  636166  1.42924e+06  0  651266  19969  155260  7825  889  8629  115  2026  29042  4019  6997  3376  1474  435550  34931  12687  
475  180  390  1614  433  123  901  5014  244  3624  12260  610  288  1592  1739  2588  1430  3603  626  5640  1256  1641  1235  2121  1022  280  919  600  1168  705  119  1659  164  868  8591  1188  2245  1417  1067  3643  1354  15844  1449  1656  5006  1739  741  2773  10244  529  3345  1324  2108  2181  16903  266429  4117  1749  16644  6336  53676  19938  25494  29614  132351  1.31469e+06  939187  0  274636  128927  7237  1338  13410  259  34265  147050  32617  42584  24294  9494  485696  418238  47519  
867  305  861  3828  1006  365  2693  6707  459  2359  2338  1514  736  531  921  1551  1287  4524  832  5482  1459  4278  1189  5557  1392  351  1302  1251  1763  1079  148  2019  144  796  8556  1926  3340  2059  3140  3942  2847  151507  14425  9485  29164  8226  2608  14119  24120  1457  11501  3559  6913  3211  2502  8217  14565  6006  26126  13778  25609  17902  23339  74118  69441  244047  5771  269753  0  397953  295440  3112  447889  718  143611  113785  25199  139254  27608  29239  87073  320257  42510  
4751  3433  2343  2794  5153  1488  9526  14400  2071  8396  13695  699  710  1708  15779  12752  14546  81571  19645  84634  12842  22810  12290  27254  10394  3054  6534  6573  32206  20906  3033  31621  2027  13252  62542  8567  34297  13538  2665  50395  9737  10951  15358  10608  10215  118617  98408  110989  44036  32358  23589  7255  1022  1158  6464  111246  12770  67390  156008  371390  229016  96267  101190  1.72776e+06  308124  4.24923e+06  129841  150415  343473  0  4.56219e+06  86941  72061  649  15018  132492  21213  59583  15812  5554  310826  55582  63431  
2210  2263  2310  2692  5285  2330  11218  16525  2495  6637  16374  677  743  1818  11495  13023  16543  54741  9921  66290  10421  18765  7598  21428  6114  2138  4448  3557  12443  9542  2318  23494  1529  8746  45579  7170  21710  8980  1901  27005  6428  16804  30613  14224  12628  220794  161284  139593  63166  31057  38355  6735  1002  1160  7386  66113  16570  744920  174551  1.02656e+06  189915  100489  94676  784656  169933  240853  30609  29206  353660  3.62159e+06  0  2.03621e+06  3.6517e+06  1353  31679  123724  25275  68114  17893  4964  139403  50277  75931  
481  466  492  513  1227  554  2340  3798  634  1947  6996  195  205  647  2687  5120  5611  14340  2310  20313  1909  1290  1254  1304  1199  474  991  777  2340  2161  566  6749  523  2635  10936  1642  5387  2168  354  5604  1413  2025  5995  1768  1460  49008  39470  20964  11258  4976  12139  2196  251  311  3021  25044  6464  1.00176e+06  43033  949437  68568  15762  7436  39069  11739  19839  10963  8411  8782  128309  2.76887e+06  0  1.18529e+06  1351  14323  28759  6195  16446  7386  780  29238  10123  16640  
2555  2692  3345  5505  8112  3186  16270  38492  3728  38055  82061  2141  2094  6903  11755  71238  34418  69834  10135  115865  12129  18797  7977  20062  6340  2147  4760  3969  11958  10588  2305  34721  3484  15778  66674  13458  30643  13888  3013  24081  7979  190531  71400  22647  27297  133056  205965  76846  113736  11783  449541  45368  4410  3876  27372  115227  541052  1.77532e+06  313463  299313  425363  138893  101486  426226  171538  134857  50508  50779  823890  129464  3.5041e+06  1.78335e+06  0  667980  1.32752e+06  203043  65211  303498  60589  14764  131112  147465  151326  
110  117  176  186  499  249  851  2071  246  5122  9136  85  115  774  519  9225  2780  3379  409  7272  212  119  281  139  281  100  218  175  519  537  112  2246  326  1316  4129  955  1995  890  40  725  313  6977  3392  236  201  8412  8767  1798  5277  610  65438  5267  102  145  2304  3500  305289  305649  28678  7675  28226  1375  496  1428  1342  2056  1449  1934  4390  3865  5893  21366  654643  0  481928  6370  2427  19326  3303  153  1912  1916  5688  
921  2093  3400  3124  11877  6551  30128  76561  5727  27696  32374  1127  3011  2693  2494  27754  9423  15011  2083  27596  2364  2225  2352  2606  1864  438  1533  1204  3004  2704  507  9041  1070  4706  44207  13915  15011  6607  487  6277  3294  1.14679e+06  224226  14512  7233  818244  1.76469e+06  70431  282093  20126  1.58029e+06  34103  1055  2430  10834  27149  1.50374e+06  697076  135110  55586  131899  23428  12085  49061  21331  45417  11464  102725  175546  57621  94798  94413  2.16758e+06  1.19609e+06  0  198477  126537  280960  53715  4718  39195  38865  126524  
6839  9931  17567  17624  39551  19162  108429  327842  22948  60412  48618  6033  14850  5941  8304  28986  12761  46708  8832  58483  20569  36280  26078  40899  19489  3623  18162  8219  18101  10898  1343  20610  1499  9644  514007  109128  63306  55644  15254  70508  54385  33642  71019  90121  42893  153526  73426  205889  1.54801e+06  82426  808691  253681  4593  12582  29420  127878  556029  108945  687368  159397  683554  208393  174478  663345  254207  966870  100469  779830  392775  329248  219670  23878  221863  8660  121976  0  1.99707e+06  1.11748e+06  1.00102e+06  166395  2.69781e+06  1.88108e+06  4.91616e+06  
2416  3780  8052  9362  13724  3400  36702  58498  3354  6668  5706  931  1617  774  781  3490  1652  4263  880  5447  1141  2614  1465  3444  1513  312  1405  997  1588  1130  142  2203  151  1061  32993  15187  9162  7100  2375  4580  3755  23296  56451  35685  33836  49556  29748  124395  244911  47986  104718  20864  2274  1427  2339  6536  31873  10361  36895  10931  38815  10625  11581  41550  24729  108190  5976  71936  35385  34891  19920  2261  24457  1186  19037  1.02838e+06  0  610337  364039  652471  325736  133913  418310  
3651  3940  11439  19719  15222  5791  40889  108641  10677  66986  34346  3227  3910  2673  2490  14902  5279  13188  2403  20554  3662  5869  3313  7191  3289  778  2776  2774  4546  3073  409  6708  608  3236  43369  21921  22293  14624  15328  8935  7733  94722  92624  222789  87052  117162  25171  234795  862773  38440  505529  120997  7835  5748  9503  26757  352831  70534  228201  103817  174929  37866  27283  108066  56549  76177  11354  48906  88648  79443  74339  10989  96187  1318  68215  469881  882355  0  1.84547e+06  299597  160244  231458  392728  
626  1481  2885  2870  5454  1787  14782  46309  3532  17813  10214  810  1659  826  747  5841  1952  4897  902  7369  932  983  1359  1296  1091  249  764  526  1278  998  131  2314  238  1177  24735  11099  9963  16996  941  4124  2909  5135  20529  36960  8763  61052  7216  46404  395568  13359  264835  39559  747  1955  3656  8415  150907  18910  76928  38067  59221  7217  3837  21991  8114  31452  3590  23635  25067  24059  15919  3802  26705  595  20013  252912  302005  1.57008e+06  0  8720  343159  121814  716812  
2061  1163  5608  17048  1741  218  6614  8794  270  372  359  1611  2011  916  336  273  291  1045  232  1628  386  983  396  1403  803  120  889  920  898  554  42  577  23  176  2818  3053  3184  1346  4777  1181  2082  73812  19393  65905  110300  3056  1836  45918  81681  2949  2188  616  13414  5264  2404  1466  1868  944  4752  2222  6153  3465  4379  10664  14239  28233  872  18946  45246  21960  16125  448  8040  49  2221  27737  413170  190036  9899  0  11575  100004  6820  
5495  1043  3501  10645  1610  429  3870  11099  742  7108  17698  1840  835  3307  5472  7413  6677  22627  4142  24609  7567  11812  25754  18517  13341  2672  10345  4741  10947  5114  734  9237  628  3350  143714  7134  14577  11186  9178  72358  15771  13889  4720  16702  23261  2980  1365  13220  35241  1428  17817  5817  2627  2411  22779  307625  13486  3887  36937  13199  111756  41333  64100  79668  206665  843580  844365  1.30748e+06  108379  233613  46013  2414  29590  302  7544  1.67207e+06  118614  67862  102442  17377  0  1.84452e+06  255078  
1508  367  982  2982  904  276  2386  5459  350  2998  3548  449  331  434  856  3047  1612  5583  920  6549  2028  2622  2387  3157  2073  442  2065  1422  2119  1320  151  2583  177  1021  23692  4092  5206  6643  5093  6283  10391  11833  2375  4604  8335  3565  1511  6754  17676  1282  10188  5074  733  462  1831  14946  14490  5775  44013  14953  41384  20902  16153  69270  25553  387709  30070  935872  302071  41719  25601  3063  30593  364  12144  756382  145189  139909  125953  52680  1.21606e+06  0  193080  
19771  24583  34042  11836  45968  26109  116096  757440  40337  581726  216993  2580  9723  9219  14309  408848  42592  345855  84547  167431  38235  23764  97821  56027  145790  24507  127113  49503  81685  47093  3869  84739  6385  48318  3.27212e+06  820826  635272  1.86788e+06  18161  176566  404729  8448  21207  23688  10213  55032  27192  76225  720278  47130  629015  165970  1937  3423  12435  38366  414927  64516  329064  84662  255469  63079  34402  138732  65636  149044  22346  120860  98244  61174  61049  14471  97257  2888  59443  3.43477e+06  567861  1.01224e+06  2.49114e+06  14858  625443  513712  0  
