4746042  
2631580  
687566  
3892806  
4445858  
3960704  
8378192  
13591457  
4417549  
7125788  
2781779  
2375733  
2367161  
3586557  
3198505  
5822346  
8280145  
5868550  
8182050  
9076037  
1456417  
1329904  
5142243  
4414525  
8972246  
2436226  
2378140  
1867536  
9029427  
10312484  
3105956  
10284938  
856926  
7608817  
11458341  
3580574  
5581179  
2293269  
828298  
4964250  
2406340  
5082254  
2201288  
624503  
4116422  
3363145  
4943920  
8267958  
13863448  
5007690  
7664867  
2165243  
2745268  
1974522  
3490215  
3076058  
5737166  
7483167  
5875971  
8075547  
8202632  
1730924  
1278618  
6083969  
4506286  
8384784  
2143066  
2218205  
1792391  
9851446  
9864271  
3673824  
9425503  
1013417  
7507057  
11568090  
2659722  
4988461  
2433363  
748482  
4690903  
2220783  
11664920  
