0  1.31374e+06  51102  690153  333566  9767  305486  12944  1765  2241  407  1179  551  601  912  3032  12563  29748  10525  5447  4416  13720  94838  92899  50697  3776  11267  147421  46309  78630  709  178823  313  966732  60961  50324  337858  21563  24095  16369  7674  1820  42  699  4108  42  24  304  1165  53  116  71  241  118  108  189  89  22  4106  183  3639  1307  701  3164  4200  390  54  149  389  343  232  21  265  7  78  1933  6170  883  640  3187  745  685  41046  
1.07286e+06  0  9149  2157  768703  3285  442417  71782  1084  1200  355  279  148  148  389  1360  11489  15830  5038  2837  4631  14431  57273  95259  34789  2378  1473  25745  17871  22109  588  24516  140  19784  149157  114118  376463  44012  6109  14151  4443  53  71  134  141  125  67  765  1781  222  173  87  25  14  14  107  84  13  2478  132  2352  1005  496  2211  4231  262  49  106  174  195  140  9  113  6  27  2538  259  852  1228  116  714  594  98804  
36033  2663  0  174463  142  22  184161  84870  146  81  43  181  168  87  106  112  40  1334  521  377  294  684  4646  6949  5022  378  338  5210  2681  2874  6  473  3  85  14064  39986  35741  2529  11210  2043  1036  947  601  13478  14960  175  46  9830  24502  65  18  23  125  65  37  56  10  6  260  26  347  77  52  291  221  53  10  48  310  77  124  2  249  0  74  581  2199  493  188  750  108  158  6238  
767904  687  243458  0  608  216  36786  990736  611  384  692  631654  29628  38540  26108  418  247  2281  681  17316  1694  1217  6061  8745  11799  615  12887  59998  3727  4233  38  6071  20  14136  26594  58415  57632  5044  45014  5070  6573  70450  1584  95757  1.09088e+06  1162  524  31787  287474  489  100  177  116398  18213  14054  8099  96  46  957  190  8190  1594  536  2560  1214  1146  167  1701  7871  1073  1990  24  4594  6  1538  5360  172339  6300  1771  19859  1051  2026  12224  
410263  1.01119e+06  1497  1018  0  997574  1.18007e+06  168396  63524  25915  3125  211  200  194  1172  23640  181746  37621  37062  14456  2226  4360  37932  21999  12495  1348  4215  8353  25084  60713  17355  118530  1765  504107  225573  70598  405420  66910  2000  8029  7132  77  149  209  205  481  1855  8566  19853  7245  1220  424  19  16  16  67  348  73  3092  258  2205  448  202  1103  1347  228  41  88  118  161  149  31  133  10  115  3208  609  3052  4835  90  992  513  122595  
39110  103069  417  592  916379  0  561344  421364  687696  1.55712e+06  3975  200  130  148  1041  67656  199537  43225  67339  14832  1134  443  12081  2304  7876  796  10229  16610  33292  77580  22552  155571  3726  887636  30127  5899  528093  107093  1248  1988  2089  37  161  109  116  369  957  4960  18992  7076  3004  605  32  17  20  51  394  91  2047  415  1360  165  51  395  155  117  18  41  61  162  144  28  85  6  83  1597  749  4068  6953  88  737  336  79909  
455777  666128  285357  50442  1.58317e+06  582115  0  2.47408e+06  1.13389e+06  41344  3042  341  356  366  911  7746  97776  30224  136369  12630  3213  7975  47296  59502  42695  2668  5337  43014  68195  119757  34136  13100  278  1709  414481  255156  320910  69345  16017  33266  16104  818  3356  4711  4198  11652  41634  225670  251928  138442  8924  537  73  65  79  247  1276  811  5153  2845  5008  1138  479  4308  2400  1667  158  473  757  2024  1660  194  937  21  2655  32310  8562  28508  15900  655  2163  1658  167151  
3241  29396  134278  1.34459e+06  55324  77000  2.27651e+06  0  1.64517e+06  361596  485023  768971  1.27665e+06  1.15017e+06  221468  10061  17784  66112  117577  335413  19674  7351  77784  27564  31306  2864  6645  14024  35810  25258  3284  13006  488  3118  353234  307888  367284  146665  11508  27862  16022  17709  16258  102278  422868  38427  37928  307158  3.56791e+06  227220  201157  35721  316246  160502  42833  36927  7819  2765  19728  25270  84065  13626  3322  13458  3968  3952  1130  2376  4787  5756  5164  543  3745  37  3354  129997  50203  64671  46172  7604  8198  4968  246933  
224  913  355  233  64186  487107  751131  1.43882e+06  0  1.59684e+06  1289  11  9  13  77  8916  49083  30584  188901  4801  164  90  34184  513  22313  325  428  1862  99914  89691  16756  6380  99  899  54609  31595  52426  40652  220  2595  904  83  291  191  111  595  3772  16011  109907  55939  87337  6816  4  3  7  17  3710  689  4790  5983  1433  119  32  1343  71  472  28  98  128  929  687  56  188  7  370  5555  4534  5110  5403  27  1292  552  63078  
9189  19669  491  954  115832  1.15974e+06  184013  654553  1.63566e+06  0  38009  274  178  286  1181  2.04185e+06  141402  73131  109767  18050  1131  295  15311  1595  11611  820  16836  33263  55378  81402  20109  245304  67133  669058  151563  217687  709960  557256  1401  16312  3208  135  335  200  226  597  538  2073  112852  10454  289720  31040  47  19  57  111  41700  509  9664  8888  3892  335  109  2472  208  409  71  156  210  639  410  59  237  25  290  9701  6978  12165  21210  116  7605  7173  457402  
53  140  1551  4592  409  86  1360  641818  1461  110810  0  1581  16985  1.08529e+06  5511  212007  781  73667  141  727328  4364  597  355  746  222  145  238  330  277  388  31  1793  795  437  16550  9936  6478  9149  160  823  270  220  367  1094  1776  625  701  3257  167411  1775  104696  360569  793  2411  6500  1511  106242  2049  76006  1068  66313  2030  253  900  393  799  876  825  429  1097  1048  590  2482  225  347  23762  8249  4033  7545  132  3834  985  26539  
2369  70  2846  943266  176  93  1384  1.15043e+06  238  227  562  0  473660  344822  213417  225  177  822  70  80696  5296  1291  897  1217  1865  305  11002  14448  357  342  11  1208  18  8641  2712  1477  6498  1352  11408  2308  7353  8752  362  4537  224747  663  211  3360  230763  124  57  211  797456  47138  41128  17977  42  30  560  73  19599  2988  817  732  569  964  282  1835  5414  474  917  16  1780  2  892  2858  8407  2039  1028  11703  338  1485  2098  
754  65  4732  72892  175  41  1589  1.07865e+06  693  186  3001  381093  0  880521  281065  140  75  825  47  113699  6521  1614  536  1572  798  394  4280  5159  165  183  8  472  17  3110  2874  2399  4502  1255  3855  1226  2163  2616  429  4459  50857  1153  730  6276  205157  258  140  920  196486  509692  90924  24154  153  54  1352  117  32713  5107  1466  1077  975  756  802  1314  2244  257  346  27  695  4  424  13853  3827  7152  5128  3382  670  822  8392  
587  86  2054  84096  214  29  982  807611  791  3305  941754  270694  800487  0  488984  1672  90  6525  56  787341  13126  2654  369  1952  485  510  2171  2408  154  148  3  340  59  1093  2826  1775  3045  1070  1023  1367  634  1391  213  1533  42029  366  365  2343  147645  569  4140  35887  125491  216466  525439  40513  11462  397  24281  207  117420  8824  1695  671  1349  1522  3420  3277  1609  489  555  108  1046  41  290  7496  2855  1812  2341  1597  1862  771  6205  
1218  1272  1321  56445  1629  163  957  141689  332  368  3564  144983  153653  463046  0  384  103  12127  277  1.4285e+06  61653  32777  2420  491260  28074  92901  67910  10277  1867  1326  14  2684  280  3318  29884  2057  17764  8006  1898  100252  12324  920  473  1130  15556  588  186  1745  34904  155  201  2607  37237  15197  52992  229081  387  77  26300  1511  107167  12634  5355  15984  6358  2852  3201  2946  984  1123  868  76  1211  66  300  8078  1119  4468  2959  898  11912  1965  20914  
12273  23576  650  1273  74245  79795  59673  44552  146381  1.88487e+06  79399  325  197  582  2170  0  1.85381e+06  773281  211169  49865  1888  369  13674  2067  17361  1266  22971  53358  104196  145841  33558  411156  371999  650487  126248  26438  413888  190767  1648  9192  3808  163  239  159  211  351  303  1219  11164  1311  19268  5333  50  26  32  110  31991  2821  39191  931  15988  604  156  1629  216  675  94  223  402  1560  1685  1128  3952  531  446  10097  2487  3246  4948  216  6392  6605  197649  
24097  61790  1191  1541  218595  85504  103066  107377  196355  129381  27515  321  249  613  2633  1.95969e+06  0  672215  1.30518e+06  219019  1811  447  20062  2498  29638  1266  16496  55087  258998  898146  760974  2.09231e+06  660438  437349  105943  14032  535481  145096  1602  4726  4049  194  296  243  240  429  440  1913  10204  1771  3666  1622  48  31  47  140  13769  2535  80279  1277  33278  666  159  1865  254  878  101  257  513  2113  2581  1622  4109  441  421  11823  2202  3319  4321  238  5229  4724  158143  
12382  25159  4030  2592  41430  19851  46488  134853  164377  149027  116821  664  486  1551  1701  764464  749687  0  3.03593e+06  740119  61639  14768  1.00252e+06  27686  203332  24557  13158  31216  114553  65494  1841  104300  5299  47620  205633  24477  254670  125759  7998  42220  21802  1317  1200  2196  1153  1340  631  4565  22699  2337  12683  4532  155  115  119  2195  16139  3133  278725  6273  121208  15009  9547  42346  9278  4907  1241  1858  4071  11480  13513  5857  11435  877  1265  37240  4070  16203  12069  1204  27654  10391  253107  
7466  13215  2060  1063  57462  28955  157812  155513  878323  67907  673  232  142  168  450  100089  2.13498e+06  2.84493e+06  0  62872  1426  745  1.34753e+06  7098  287792  19984  6271  25839  784637  1.88793e+06  515620  120081  1923  28438  39106  7724  111219  42971  2618  14750  7340  156  105  263  178  149  429  1330  11711  5672  13829  521  29  18  20  157  2033  176  6662  1623  5022  1078  669  5487  600  599  74  163  387  983  619  69  435  20  103  2759  669  2324  1957  132  1559  1522  52525  
4596  7341  5918  24451  8095  881  8148  493773  3672  7321  768528  49129  131809  682797  1.63452e+06  44497  2438  914938  6748  0  1.55134e+06  328533  18139  804470  35600  43141  45141  21320  11032  11250  141  19269  1663  13327  140800  12850  88039  30654  5244  214478  16574  4710  5144  8803  12527  5765  2486  18184  189506  6089  9764  22950  19098  14256  63403  60839  22341  3955  766622  22522  1.32584e+06  117082  43917  158365  47372  23842  9744  10536  11711  26995  21284  4946  19888  1324  3873  129986  10188  59474  46625  3260  104374  26278  139068  
832  1444  596  412  1443  103  1044  6925  96  195  540  225  498  907  29397  152  56  117720  568  743951  0  420359  65302  135880  5418  4699  5479  3696  1165  1605  6  2446  123  2010  24351  1080  14933  4089  972  37485  2895  461  636  710  394  709  197  1616  3454  133  164  213  158  246  254  2657  232  74  28283  1830  40791  118969  20613  21155  14349  2651  1179  1163  1090  1791  1277  71  1613  102  386  15620  476  7667  5605  408  14103  3255  12713  
764  1091  678  328  557  20  1065  4324  33  44  237  159  288  456  20117  52  18  45490  195  164906  469974  0  38210  477172  4250  2478  3402  3729  848  1716  1  999  18  524  19476  543  10460  1794  707  28395  2788  172  112  248  197  80  32  417  1659  29  26  56  150  367  329  2695  26  11  6210  259  22294  93805  33353  7278  29873  1041  628  584  460  668  508  8  381  13  100  8117  136  1513  516  98  6782  792  3437  
17804  24680  8443  3437  21306  1885  18827  66783  34138  2222  523  575  363  338  756  2829  7366  784918  1.24161e+06  46359  33602  26791  0  195951  982173  49950  14850  45477  1.16619e+06  555727  5882  88422  1135  29719  45414  7229  156480  35420  8672  32419  20730  213  182  399  315  231  127  1124  3744  509  1535  232  81  51  40  556  687  51  14563  929  11110  4811  3015  15301  2743  1350  300  345  625  1126  764  60  640  22  141  5414  519  3456  1882  346  3389  2109  40401  
7103  7202  10417  4198  2920  180  14662  41684  210  290  227  569  655  640  426932  332  188  82492  3531  408773  150015  419007  299735  0  1.1842e+06  369237  67096  52967  17295  31342  29  11775  86  4630  61898  3919  94466  10310  7056  196142  22005  488  246  805  591  232  84  1511  2759  98  80  66  110  200  87  4518  89  31  17941  879  28808  12540  9814  45467  108310  5301  1317  1363  1464  1789  1375  15  967  24  323  23264  645  5462  1713  570  20024  2590  19080  
9517  7053  10362  6416  5706  701  16770  43170  15406  902  368  786  1042  598  11688  1452  1063  116341  98334  18516  5934  7454  1.05445e+06  1.37517e+06  0  1.53041e+06  943645  259930  3.12628e+06  115423  511  23995  450  10676  97716  14794  138901  53960  20135  462763  132024  359  181  314  758  247  106  810  2715  188  416  146  115  76  65  532  254  39  13904  828  11907  3915  2245  11233  3394  5335  326  311  535  752  660  45  567  22  97  8254  963  3684  2144  964  5761  1840  46073  
1677  903  892  1447  916  114  1146  5202  279  182  189  347  1117  487  40680  235  96  17027  6705  9362  2423  1833  52842  255228  1.43738e+06  0  718002  52715  53184  12123  34  4069  100  2513  17737  1897  19088  8870  4328  292984  39806  163  38  75  283  44  14  151  846  26  43  60  36  30  27  129  41  10  3243  205  3951  854  513  2543  780  455  122  138  172  205  155  6  141  5  26  3099  481  902  517  464  2289  402  14847  
25832  707  537  19316  1221  954  867  4910  116  1698  329  4887  3082  3385  22169  1903  1299  17703  2171  15442  3358  2401  19575  20502  975984  408101  0  282481  6674  2729  122  3012  191  13776  93800  13575  86312  83626  30197  390761  402916  2722  23  211  4958  30  17  163  1271  29  90  94  628  281  391  360  76  6  2707  117  5339  725  450  1445  1358  415  197  384  627  221  183  18  210  5  85  6439  8153  1079  662  7437  5083  1073  34123  
207649  3231  10026  80779  4269  7772  16147  18192  1536  18591  735  5223  2176  3088  3291  26680  27699  29503  7320  10253  3216  7709  52483  62579  231814  11116  227825  0  257224  391764  1765  256736  1938  165993  86693  21578  301530  62465  60865  100532  300553  5099  56  334  8246  61  33  322  1598  106  191  96  680  379  443  370  128  36  5184  273  5856  972  477  3792  3038  719  110  508  1473  1032  1060  35  688  10  162  2511  8166  6728  2780  7848  2178  2423  34816  
13581  9133  6308  2899  14122  4393  48378  39922  100345  3875  1063  214  149  148  1692  10071  25409  136076  362119  27912  3649  5599  1.35699e+06  40030  3.14118e+06  29498  16207  433731  0  4.15604e+06  26831  66062  721  11632  57770  6708  95180  49957  6222  94657  14519  250  203  378  270  202  136  990  2812  574  1256  239  38  32  25  421  870  119  15378  968  14546  3239  1661  9370  2238  1187  163  265  683  1330  964  107  797  40  163  4272  498  3392  2417  296  2826  2475  58872  
50596  13378  6243  4350  58965  17966  139230  86323  149053  9408  4813  221  163  244  14704  24060  804965  190891  830326  127128  13251  10403  546032  67896  235693  19735  11114  392018  4.02293e+06  0  1.19077e+06  3.2298e+06  1030  18090  65760  7157  185119  87121  4081  36608  7050  269  361  420  369  498  360  1640  6902  1088  1751  586  38  24  20  587  2279  346  55490  1125  40507  3694  1267  6580  3263  1113  240  368  624  1479  1571  653  1616  147  299  6620  1054  5203  4774  376  4237  3327  87439  
884  1492  183  143  28064  8420  63534  18116  42435  3355  983  21  21  23  1385  7674  1.13911e+06  10877  419212  11665  861  110  12361  711  10168  780  825  2264  77518  1.69769e+06  0  1.03506e+06  473  1967  8308  664  51840  26501  146  1084  227  21  43  38  27  59  76  329  1432  282  372  97  7  3  3  33  470  48  4020  75  2674  164  31  240  37  63  13  25  46  106  102  54  138  14  37  725  111  816  1218  17  500  499  21391  
351724  103977  4902  9069  187291  227332  24255  204629  13020  183804  28238  572  425  770  34686  289523  1.76306e+06  600398  123772  422150  35920  16136  410138  93986  168361  35779  28418  439194  148599  4.13445e+06  759911  0  720950  1.11624e+06  108452  25569  634886  112255  4694  53878  13105  587  757  753  798  1087  658  3245  14829  1822  2274  1495  154  71  81  963  9175  1726  146333  2155  88182  6227  2044  9912  5176  2009  423  668  1093  2858  3233  1530  4259  403  643  17600  2602  8720  8426  627  8513  5706  119636  
4068  8646  99  153  18462  8648  615  11075  351  33507  4070  35  31  73  3381  169671  316629  54317  3076  41360  2657  228  3764  1372  3259  961  3432  8715  4742  6540  578  424308  0  214111  3197  6622  84224  5524  177  1446  564  18  53  37  37  69  54  271  1226  102  375  221  9  6  6  45  1495  182  8872  116  4735  245  43  251  51  85  20  39  58  198  200  95  295  36  45  1550  260  569  592  42  481  318  4677  
1.20408e+06  326380  664  6065  944987  1.43508e+06  4282  49355  4284  837391  10632  2012  948  1237  12164  1.0464e+06  1.04153e+06  262754  40624  150629  12905  5158  132772  23902  44728  8800  51670  123124  47072  81770  10729  1.13644e+06  677078  0  24312  16039  1.01099e+06  19561  4773  12270  18216  270  193  180  1071  276  170  869  4806  484  1068  565  596  176  173  327  3070  558  29228  537  16800  1616  599  2670  1661  539  144  211  371  651  685  331  1106  106  196  4809  1236  2098  2009  780  1907  1104  23312  
13071  19302  96783  51551  65980  6750  338753  1.71321e+06  87338  401532  183714  4432  4329  4082  43899  324782  8884  543485  42632  419567  41183  30307  211738  137147  323896  44345  306335  408863  113031  104267  1423  49026  1706  20716  0  2.67106e+06  412826  229965  304143  1.7355e+06  1.08946e+06  1101  1310  2877  4586  2753  4140  22423  178945  22420  27949  17416  526  468  429  2135  7279  945  54180  4429  53619  8724  4713  23313  14433  5366  2499  3578  4148  3630  3279  400  2851  171  859  181833  7417  36882  28208  8306  55733  22280  4.17711e+06  
4475  5338  86628  43614  11622  1392  148996  446781  14666  28422  32213  458  684  614  1749  33794  2618  59001  2019  58351  1423  1700  13146  9697  62032  3910  50149  80408  19380  15806  171  19485  11331  5939  2.54486e+06  0  144850  152948  668199  205959  177277  819  285  4269  5085  515  306  3602  17075  2140  5729  3752  124  109  78  223  3331  409  15353  486  9186  681  343  3481  868  674  178  776  1329  641  656  118  752  48  173  22665  9271  6072  5300  3157  4270  6353  451357  
75785  117357  117633  113411  247927  58757  151278  1.37572e+06  44533  277775  59834  17380  12029  11857  17234  221191  140159  333005  86757  125448  13315  9140  137552  50661  91958  9878  69799  174019  128292  183659  33350  111881  9883  166764  68109  241192  0  1.52644e+06  285983  29266  75428  972  1006  2528  5823  2538  2876  21064  145946  8154  14618  11443  2027  1126  1029  948  2606  251  14019  1702  12592  2124  902  7370  4022  1311  286  743  1824  1603  1567  134  1169  47  367  14048  6192  23196  21157  6083  5998  5351  196770  
1082  3423  25493  11355  12894  4068  30296  414068  16790  176007  33477  2466  2082  1963  6308  108887  19789  117576  57800  54344  5514  1158  27093  5305  24498  3707  13983  21583  42427  60093  14317  10223  948  3983  60763  142193  1.53918e+06  0  33580  28674  68058  323  528  779  1413  1076  808  5139  37527  2575  7655  5013  309  209  191  437  1980  156  6445  678  5884  1212  430  5231  845  619  280  344  470  573  548  44  462  25  124  10344  1752  14622  27981  770  25655  30684  457078  
37245  851  32053  98434  367  120  15107  35955  91  1038  497  3750  1910  2041  1670  835  263  3112  566  1620  371  546  5530  4111  13239  1015  16089  36550  3603  2639  56  752  36  1640  62383  372406  183340  18415  0  14743  41321  726  35  386  2672  43  26  442  1863  49  67  107  297  98  144  214  41  21  1652  90  1544  394  199  2821  746  456  136  355  767  372  423  3  289  0  53  1641  5309  9497  4346  8086  645  1142  7964  
9888  1921  3171  12863  2218  383  4052  15964  490  1709  781  3197  2827  2305  64714  1538  531  50608  3525  72669  26422  16556  37541  124504  326727  290192  851045  245096  83892  44753  81  12953  372  11718  1.16741e+06  32929  104199  75550  81684  0  1.46637e+06  1391  194  598  2594  198  73  851  3954  113  365  374  361  220  224  1827  240  77  21184  1184  32009  7428  7028  13624  14821  4355  3522  3142  1724  2069  2032  204  1256  31  199  89726  4455  9177  5532  5687  80137  4594  79984  
3773  408  1165  6991  625  131  1720  9743  263  627  359  2191  1451  1169  10716  674  254  33435  4136  14426  3452  3549  38452  16543  128567  42348  780546  210282  8421  3068  15  5440  103  12971  792571  42762  139937  244019  129030  1.32877e+06  0  159  34  106  486  58  27  199  1444  80  301  99  128  62  69  217  176  28  3307  191  4532  773  481  2592  1632  454  205  368  593  323  319  14  201  9  61  6259  1036  4824  3595  2650  5963  4395  152240  
845  136  2883  12995  155  22  1499  6920  246  523  832  441  99  169  244  594  108  4346  143  4370  348  2808  391  5329  556  110  348  1076  336  328  18  367  20  180  2970  2412  2784  2639  1083  689  472  0  1.44488e+06  106404  861098  317225  53509  515358  69551  3947  9314  1193  1863  1403  1114  2264  14895  13661  26052  9172  20547  5752  6484  119991  22990  18721  2063  44315  150849  30281  30880  3272  473224  923  1.02024e+06  133823  64959  215919  58325  8763  8156  18153  73460  
73  108  2579  2023  157  27  1990  6683  209  297  812  11  26  26  116  465  66  2609  114  3103  243  2267  280  4251  303  76  145  222  216  183  12  194  15  94  3161  1115  1834  2031  262  464  482  1.00477e+06  0  5362  2150  564503  36199  339499  71950  4560  2918  398  67  69  54  1165  3609  4172  15752  5074  13029  3180  4703  76746  12154  11140  1346  5040  7144  20772  23336  5583  97787  135  29265  363336  182212  125907  39419  1005  16921  9120  135239  
670  110  12236  28340  36  8  3876  11251  73  25  75  64  57  28  49  41  9  605  21  676  76  360  115  780  111  23  35  120  85  79  0  44  1  13  788  17541  585  186  713  168  124  38142  576  0  117665  223  101  156843  77970  303  109  64  130  213  158  348  215  151  2245  735  2125  616  725  12758  5281  2527  214  791  5525  2489  3542  32  4268  10  931  15928  58788  51435  4606  21752  1609  1076  7659  
9206  469  62994  1.03049e+06  264  43  16523  345905  265  86  396  123370  12304  17181  8224  95  34  1144  62  7883  1323  1056  490  1387  790  66  1357  2997  276  279  2  303  9  949  4549  48431  3644  712  7932  709  807  799600  567  170858  0  614  349  6884  808330  493  74  192  940098  90970  62276  27796  109  229  2489  944  28461  5765  2083  14598  6872  5310  479  6691  34105  5896  10685  82  21799  13  8422  7422  101660  25365  1849  51572  2178  4061  4331  
43  402  599  626  1739  150  14138  39889  1177  763  1350  42  152  80  157  683  138  2361  160  2611  199  809  357  1424  336  70  100  137  171  145  14  193  19  118  2583  893  3740  2689  215  311  307  429148  653940  2419  1328  0  963504  915759  122939  21426  32259  1830  73  152  182  2329  18047  18980  25553  6710  23797  5595  2537  56250  4412  9933  1883  4928  7299  35461  48143  14569  34487  887  306586  218933  33792  206846  77538  568  10508  7185  89500  
44  420  680  877  2843  526  30740  89482  8737  1288  1231  46  221  99  137  681  272  1842  302  2107  171  369  303  602  291  58  63  129  244  231  39  218  21  85  3057  1061  6739  3366  137  237  148  65241  62416  3168  2167  1.29113e+06  0  903380  352287  863400  1.48115e+06  1974  78  209  433  1817  37111  63149  23001  15245  19043  4277  1272  36509  2065  8671  1221  2874  4993  32256  53124  24977  89611  1970  962279  74874  54203  160067  45309  542  7264  3479  43163  
536  4197  28098  37280  19598  2731  180527  294470  22023  1454  2954  91  237  236  385  1872  1005  7309  715  8601  498  2833  1999  5874  1120  201  294  693  967  1020  126  919  62  438  12449  8007  26367  8418  645  1266  801  236595  509071  182976  7558  1.45104e+06  1.20985e+06  0  2.24368e+06  1.00219e+06  88461  1451  98  138  242  1781  14895  15445  31937  27596  25584  5153  5706  107605  22316  26250  2037  6189  10030  67701  79950  12332  17242  111  16086  376518  211374  252722  66217  8333  19952  9522  124654  
4169  6012  127957  403466  26028  6693  335136  3.95903e+06  218287  147085  232668  68798  103753  82280  23404  6713  1940  15882  4921  76107  13746  9293  4929  5910  3440  486  1241  2648  3994  2615  334  1807  122  1035  57525  49497  67694  34001  4600  4070  2605  16117  96034  150741  1.0854e+06  106691  113932  1.85954e+06  0  1.95388e+06  297742  371944  1.47176e+06  1.32646e+06  819656  347659  20665  4359  76982  54393  703006  133685  35625  47338  23609  14035  13098  15188  12912  11207  10696  1648  10268  173  20995  381488  311441  369168  248484  23219  36859  13211  269361  
21  225  199  185  2883  2145  45512  225839  94261  20758  506  8  9  13  27  551  389  1302  2432  1441  53  62  927  163  775  37  66  149  1936  609  83  304  24  53  10589  2654  15073  8898  103  372  240  987  5610  1112  488  27868  740690  931345  1.68663e+06  0  1.73042e+06  417  12  15  13  171  7108  109916  20258  255687  2273  344  128  63806  344  42739  1217  4040  3888  51232  50850  8644  5200  59  3961  37506  151276  34118  27039  204  8777  1554  40622  
52  129  147  367  588  596  4046  143907  83674  165191  8355  24  36  88  99  8372  495  4777  6522  4123  164  172  2608  378  1848  97  128  388  4921  1348  103  376  74  150  13916  10664  15868  20062  254  1119  864  20287  42323  1857  775  113202  1.23636e+06  223314  691592  1.51833e+06  0  71670  50  75  136  639  2.19984e+06  194176  75003  114061  11475  1628  461  26331  899  12998  737  6128  18197  25119  28403  12761  411896  47765  732346  188194  457031  441579  394053  897  149429  17720  254483  
55  123  303  490  495  91  2239  56393  9650  231700  323690  94  1111  6484  477  32547  855  11999  1845  22434  382  157  517  104  210  37  75  146  537  501  51  621  180  181  13322  25627  5632  14385  86  1581  138  78  228  797  1164  595  408  1109  581457  187  119300  0  605  4387  598405  575  75142  225  67053  143  312043  4789  569  308  191  110  70  91  123  166  163  62  313  27  88  3747  3059  1811  2077  134  974  512  18437  
2256  116  7952  340748  220  77  3893  400534  296  129  681  686945  138695  110717  51879  134  88  552  45  33834  4160  2043  353  690  589  110  4065  5305  114  144  8  515  7  4016  1473  3449  2536  559  3109  725  1672  12664  687  5516  894866  1451  264  6690  1.24248e+06  187  65  466  0  388886  136523  64314  89  55  801  116  84106  15809  4175  1539  2034  3691  869  6852  17608  1232  2060  26  4025  7  3777  3824  14564  3504  1343  46959  888  5053  2324  
853  54  2643  33573  153  36  1740  180120  516  299  4313  34861  523211  260454  56234  109  25  897  46  41743  5805  3500  260  989  242  96  551  775  82  76  3  126  2  541  1293  2122  1648  585  547  373  180  15267  267  3012  148296  568  265  2679  933485  154  102  2913  419397  0  360662  213024  113  53  1159  89  214308  44513  14000  1084  8446  4322  6484  8839  12084  702  1070  15  2067  18  2321  5113  6742  3867  2216  19768  2444  2587  3299  
977  159  3328  36477  653  98  5027  137945  754  14570  78378  23073  110758  568410  73269  1446  78  3557  67  89045  9903  6004  310  826  278  115  381  557  121  139  13  204  20  406  2562  3836  2281  1601  543  659  169  15892  470  4307  158090  1569  984  2695  1.02725e+06  274  1129  536173  280791  568663  0  462800  2031  89  6872  136  682565  73230  14415  1258  7043  3927  6552  7950  10476  827  1478  49  2660  26  1711  4633  9643  4329  2307  12485  3134  1747  4198  
869  473  2834  27169  577  76  1348  59392  123  399  7406  9612  13033  46900  210520  537  35  13764  557  89144  14733  8855  3220  4587  5299  1793  828  1015  772  522  5  1128  51  976  6285  3025  4700  1548  699  4449  648  11254  427  4672  93513  704  261  1707  271064  115  96  911  113065  297201  505657  0  114  78  4325  465  1.35675e+06  93160  38658  3016  593517  60059  199176  113468  7180  3280  2370  53  2236  77  852  13575  7062  5729  4101  6208  50227  10704  7126  
66  93  122  548  257  59  1049  8803  4008  21656  15289  27  32  194  75  47648  1403  9441  681  7331  131  147  1114  324  447  85  135  415  690  667  61  1153  250  227  8043  5280  3914  7847  338  982  1188  20579  15548  2950  1107  44679  81054  29049  53232  35688  2.03991e+06  70826  161  145  206  707  0  1.93112e+06  673819  69255  16718  1651  411  26358  879  19953  997  9217  33328  41130  33202  10227  657627  313233  629342  202257  82209  620255  439141  2103  112561  28094  284170  
92  143  240  654  506  92  3119  13331  2228  2689  33200  67  90  722  140  54097  3193  36478  470  40467  178  282  689  474  458  71  162  487  714  995  96  1874  321  239  10201  2820  2956  3684  604  764  651  22997  67989  9495  3554  116831  215182  114303  78231  178666  336811  2530  445  421  322  1579  1.87529e+06  0  982478  1.52948e+06  51294  5034  1053  80431  1728  43256  1778  10068  32287  158356  563243  688366  1.58238e+06  283494  511515  95741  28188  637808  209833  4612  47057  25212  132127  
2006  2746  2132  1707  2767  415  6408  33708  7261  11567  38476  208  139  427  3760  72709  18504  230684  3714  160426  10580  6965  17363  11842  21286  5418  3839  10505  9151  11467  510  17589  2449  3512  96909  17581  39842  16824  4690  25247  8816  8935  15811  14190  5475  22561  10171  42338  222185  103689  132467  42322  572  470  422  2346  604388  672239  0  2.91541e+06  910218  105591  35223  568307  21922  88263  6371  7434  12954  49454  30979  7077  83191  7860  18257  136362  17529  255703  178438  5854  80592  36839  239586  
676  885  878  904  1067  236  6323  24947  6950  3948  4722  79  59  112  802  9564  2532  24932  820  21992  868  886  3129  2147  4665  1148  1045  3210  2691  2771  77  2570  184  817  15192  3128  13179  5613  2269  5010  2943  8069  15387  11324  4594  26963  40171  178767  144596  408739  40065  1341  443  386  249  1835  13385  2.05308e+06  2.3916e+06  0  308518  8280  1764  1.42989e+06  4350  213166  8610  17092  21751  381522  935632  721211  110777  9871  17311  75547  16578  185943  139669  5374  63145  32432  124470  
7208  11253  6734  15865  12148  1408  14413  137585  5042  24265  315631  4011  11847  48058  85671  132028  13789  607110  15668  1.2324e+06  81024  42937  80803  60240  156152  46213  14659  26912  27920  22300  466  36081  3185  18923  168363  27058  123284  43961  7217  65558  21410  7080  9006  11951  41282  12045  3749  20959  523446  1511  7874  291186  53238  127544  402712  1.37414e+06  12659  3440  988645  58317  0  1.95529e+06  781448  78582  769445  51721  108105  74144  13258  22010  15968  2442  30963  4236  7348  100517  11812  94083  54405  4597  116670  31718  155290  
1522  2695  716  725  2828  281  1543  9278  307  1005  8501  149  366  946  8291  2642  162  43959  2654  49415  97570  69521  16725  16916  23943  7676  3102  4825  4176  2583  14  5268  272  4839  32058  2619  26823  9304  1569  17066  4488  1102  1485  1877  1465  1952  505  3479  20268  122  421  1228  930  3789  3036  45842  379  160  216261  1018  947760  0  493231  94316  126293  9000  13022  9119  2924  4370  3626  218  4572  478  1207  22848  1294  19451  12043  972  22796  6100  27019  
274  469  259  236  440  59  426  1881  48  103  786  38  93  144  2635  224  22  13451  451  11817  14272  37619  6247  15259  5535  2305  1539  1402  857  641  2  848  38  751  18145  558  5346  1640  686  19887  1136  1274  603  2449  1156  468  128  3066  3395  46  71  111  161  532  388  25013  72  39  47874  372  359554  286130  0  79363  438177  9428  5569  4193  4839  7032  6339  37  3885  65  614  30333  850  10632  1692  636  39188  3563  6695  
784  1052  1092  1563  890  111  2374  7726  703  606  958  199  95  117  1554  1442  416  18211  670  12613  5080  36583  10891  59388  11664  3090  1589  3501  2069  1865  26  1645  78  1018  18061  3590  15412  5251  7188  7059  3349  16565  19144  25335  10636  15670  12734  96184  56442  68963  3634  811  988  731  513  2802  2504  33683  463636  1.46718e+06  76393  75947  154619  0  260691  756299  17945  33144  49819  852668  961360  11798  120241  3189  17537  96074  10212  210140  46314  9980  46913  62972  81797  
859  1410  728  726  1173  122  997  4524  72  181  499  107  259  227  7144  185  32  36240  1141  27051  20643  66791  16827  153083  14211  5604  3443  3306  1898  1522  4  2224  89  1918  33595  1649  13609  3616  3401  44797  2765  5404  1811  10647  4705  1271  319  12127  10812  261  249  170  452  1957  454  659897  231  153  56811  6885  696388  84396  378264  568574  0  1.35937e+06  381856  98096  31062  53138  43111  97  19483  122  2421  75568  3858  42605  3779  3333  280739  22262  24103  
301  328  463  709  300  32  1202  5822  373  307  3641  102  941  880  1094  810  197  8384  222  13500  1873  6930  2042  14858  4000  884  601  1260  991  882  10  645  30  306  7882  1364  4988  1764  2743  4919  1082  4953  2994  7437  4255  2964  1645  32662  32010  46585  1010  290  567  6488  972  130750  1828  4827  87556  104796  38796  11643  16917  965130  1.41e+06  0  1.40749e+06  924984  403637  2.60571e+06  82826  903  23083  575  3575  93255  12504  46143  11614  3778  549533  56603  37435  
94  112  121  369  111  18  267  6112  42  191  4283  94  1994  1604  1022  210  18  2880  78  9700  379  758  401  2135  814  266  220  407  327  244  2  239  12  177  3024  459  1791  681  784  1905  355  853  409  711  1011  490  144  1213  45393  509  86  139  447  12862  1453  310027  96  93  6983  5232  33618  4726  4748  25502  479087  1.26853e+06  0  730111  24787  50756  16729  57  3020  105  490  19923  2619  5551  2936  862  431941  29969  10348  
160  131  272  1090  139  14  255  5407  39  235  6216  265  1520  1461  1055  397  32  3341  81  11858  394  629  393  1401  616  319  415  554  264  225  1  274  14  240  5000  991  1902  809  1580  3379  536  13237  808  1163  7230  1206  339  1682  37212  545  505  228  1605  11701  1956  205240  543  616  6305  1345  22925  4721  3545  16345  93546  891048  616188  0  421976  10747  2519  77  1986  110  10545  103035  13560  15301  11447  6903  256656  304698  27553  
959  107  2220  13406  97  17  902  5573  130  252  731  2149  483  750  412  504  107  3637  102  3797  348  1897  775  3684  967  164  671  1725  271  365  8  420  26  305  3475  5249  5454  2020  11430  1767  1061  171854  5668  23785  95304  7941  2691  16239  22038  1708  4825  822  11757  6810  4697  5612  7437  14574  15790  4159  16445  4681  4049  64104  18713  535315  9525  478783  0  426273  383046  991  246177  475  136372  235956  42635  112094  23054  37681  225625  336613  43077  
567  593  746  727  440  56  2058  5683  641  371  2820  71  61  110  540  2638  605  21474  289  23783  873  3239  1200  6303  1421  309  630  2247  2168  1902  28  1636  121  467  7960  1923  7851  2302  2550  2809  1575  8195  21020  9297  4727  17778  15567  69340  17593  70243  2692  492  393  377  220  5910  2849  38522  70158  168335  55980  12369  8430  1.10577e+06  30642  2.91226e+06  23668  68423  347064  0  4.23945e+06  56593  63702  833  7202  112283  11954  47268  17254  3425  135404  29956  27918  
200  305  308  446  401  67  2272  6829  1189  478  7181  41  42  139  479  6980  1155  30408  305  27771  822  5578  979  9044  1056  277  304  890  803  1060  52  2082  232  452  8862  1961  4207  1916  1526  1806  783  8438  96602  7305  3761  96993  114974  191257  23654  94529  14337  533  266  273  183  5328  5753  615363  85700  314816  73089  17347  15335  805296  36020  87391  7463  9830  352214  3.77835e+06  0  2.05247e+06  3.0404e+06  1370  18966  97058  15612  74547  27883  2363  58513  14980  41988  
35  65  66  114  152  22  938  3798  651  258  5026  9  18  59  109  5169  694  13598  127  12110  99  206  169  296  149  30  67  162  175  299  17  811  119  113  3266  712  871  604  119  248  119  2592  80841  1401  552  78645  82403  94703  11357  42900  9359  261  52  72  45  1374  3780  685783  21804  648587  23064  4725  988  48626  1324  8295  1138  1666  4389  145187  2.13774e+06  0  979194  1943  13215  43396  9431  42621  16848  466  6249  3371  22984  
516  634  1349  4575  896  119  2475  11631  763  1551  26923  451  146  645  1452  37880  3140  56279  741  54592  1620  8140  2320  14544  2995  773  701  1735  1614  1816  74  3693  506  1085  17450  5186  9154  4410  4379  2950  1417  368216  170921  45662  43743  148916  255603  105793  81541  13977  356329  1978  2505  1454  1039  19452  280102  1.72741e+06  268043  100223  223853  49398  24610  561489  70841  89846  18336  18727  446306  156631  3.25751e+06  1.06655e+06  0  684150  920492  117753  29978  500242  71688  7367  51616  37618  81890  
15  23  7  23  39  14  82  423  32  72  1098  2  9  11  77  1380  186  2407  41  2110  43  31  61  56  111  26  15  33  50  61  7  167  31  57  699  148  267  158  41  52  29  2411  4773  260  116  9241  11303  1334  3791  128  69896  77  17  30  14  1019  236557  210875  12487  2718  17986  3923  471  4553  618  2504  719  903  3174  3737  3079  6839  420375  0  258163  2172  546  35005  2641  118  718  776  1982  
140  170  538  1375  411  50  1900  9921  775  1366  4943  131  123  163  449  5346  640  9354  280  8535  342  1556  555  2800  777  244  189  359  343  333  30  636  84  303  3707  1619  2873  2450  1039  615  320  957219  87675  15006  10379  818118  1.56695e+06  47454  142656  6888  1.20419e+06  4207  704  524  382  6288  1.04834e+06  851917  89185  17892  76121  17269  5357  121183  10386  28103  5190  23992  93582  61834  57294  27032  1.15579e+06  473170  0  40874  13414  405586  57280  3990  7328  42600  37330  
1326  2559  5834  11117  6326  920  37794  191250  10959  16380  58948  497  1817  1950  5238  31468  2309  78783  2851  119208  5810  27764  8404  48412  9894  3209  5031  6312  3828  3468  182  5569  497  3546  187715  20516  38267  27646  20164  35015  17070  50461  208804  176068  77926  253641  37725  610071  1.45529e+06  35456  321272  114272  1850  3940  1933  73492  325806  14825  579389  21641  526860  97653  52198  456267  118967  427326  108514  573487  629530  298503  198925  2769  69363  304  15303  0  1.4874e+06  478167  305729  58518  2.1878e+06  1.20036e+06  3.81648e+06  
2507  110  2851  13968  168  33  2079  9518  744  2616  13859  88  75  367  238  9018  340  10997  227  17866  378  1006  493  1785  480  101  348  645  271  268  22  433  59  152  6489  5427  2473  2905  5452  795  976  25839  39587  125533  48098  8512  5546  250445  269061  11969  55371  10375  620  503  296  3282  31759  6131  51415  4105  53361  6542  2608  24138  8083  29993  4511  36541  47983  20407  16537  1493  10081  917  2286  1.20218e+06  0  214790  126594  424164  141014  68987  234023  
1172  558  4822  12751  1768  222  9934  63091  5884  13506  13698  1127  863  743  1411  3400  554  14083  908  12941  930  2555  2178  4993  2742  591  1121  2692  1016  842  48  1299  146  782  10431  14678  16910  11106  22330  2622  1785  88333  108661  239242  90489  183620  54563  347028  986609  27128  248106  44959  9783  7297  5738  19421  318860  96688  257213  35968  169031  45195  10111  165942  20338  48451  12303  24042  35774  99647  61457  6568  66875  526  94630  219834  308340  0  1.65337e+06  169702  68964  47847  268959  
117  248  751  1683  828  104  3872  28255  2317  6198  3914  47  194  149  403  2752  252  5731  1210  4762  316  224  2201  604  1102  218  268  683  798  726  109  462  35  288  7447  4057  14291  26729  2878  1977  2333  9942  31483  22910  7758  63571  17646  70516  437488  11701  218668  23436  288  401  502  4080  169769  27448  87474  16729  46823  13122  1751  24011  2213  12730  2748  4589  3583  33590  20422  2131  13176  145  9954  86568  72315  1.65455e+06  0  9848  316198  53777  581341  
1997  43  3217  17202  26  4  1050  5169  30  19  81  2125  1223  1234  502  27  8  415  22  692  162  283  178  382  626  43  1063  2244  58  46  2  78  5  115  1215  4449  1390  292  8806  431  662  28389  300  84593  94823  142  65  26269  27974  71  151  48  25013  16136  12118  5321  238  174  2810  308  5344  1309  559  6856  2167  11472  997  21661  45606  7626  6248  29  4701  8  5486  26164  338566  54937  8328  0  3578  43988  2108  
381  408  518  1940  385  40  713  6570  226  1200  5572  153  1100  1311  2492  1433  397  14552  474  23179  4788  6765  4833  16321  5101  3356  3981  3327  1190  1034  27  1160  79  638  69177  5510  10244  7689  16220  61505  6220  3364  2376  3825  10648  2956  559  7834  40798  950  28118  4940  814  7757  2042  173295  13443  824  30227  9607  75188  20171  23651  66006  155869  592496  906582  1.0672e+06  211181  179398  83254  169  15719  214  2459  1.29818e+06  59569  48336  113243  10935  0  1.35435e+06  148346  
316  173  925  3105  196  24  696  3253  86  642  1429  145  222  271  511  523  65  3435  309  4037  455  1741  1498  3101  1382  305  1070  1672  394  328  17  373  18  317  10190  5746  5471  4879  11025  4723  4844  8845  2034  2761  10285  2655  412  6051  16064  293  1660  669  926  1932  730  25260  1732  758  20875  1236  24078  6975  4067  62558  13102  106690  42426  518772  225042  17314  12277  101  7917  27  15600  964606  47724  30351  52294  28290  1.36392e+06  0  195096  
1909  4806  25476  13945  16945  4118  74821  811960  81123  772840  297339  373  1212  2017  30458  579082  18782  586898  92761  449074  21987  7124  61436  34438  57936  18205  45545  39361  60505  62927  9288  15052  1106  4881  3.39915e+06  964523  695900  2.26248e+06  16793  96124  204224  8243  21588  25009  11560  35332  12848  75845  1.06132e+06  34166  616197  139749  253  629  845  15326  403417  17391  358696  25929  226353  38841  11210  133934  19392  50736  14366  35539  38740  25275  16252  1429  14454  289  7087  2.21265e+06  283587  838907  2.69662e+06  3117  648138  265881  0  
