1221  
434  
118  
753  
641  
592  
2185  
2720  
685  
1291  
514  
332  
310  
488  
390  
986  
1334  
1398  
1535  
1490  
251  
233  
1296  
685  
1351  
291  
279  
380  
1561  
1635  
395  
1682  
102  
987  
1322  
588  
795  
330  
102  
729  
285  
1284  
358  
99  
753  
512  
663  
2058  
2841  
740  
1240  
461  
382  
271  
479  
379  
1007  
1199  
1408  
1430  
1447  
256  
182  
1324  
681  
1284  
289  
291  
431  
1579  
1605  
458  
1688  
128  
980  
1377  
618  
797  
339  
96  
751  
278  
3779  
