3720613  
2301641  
507773  
3507353  
3611885  
4112146  
7427887  
12918476  
3872642  
6678298  
2631382  
2512238  
2276517  
3305607  
2468841  
5316364  
7302848  
6332788  
7922269  
7496308  
1297808  
1033956  
3796717  
2928798  
7312592  
2023494  
1808764  
1768733  
8188891  
9355338  
2677002  
8979147  
774107  
6464658  
9605019  
3438682  
4539238  
2057949  
628168  
3368399  
2095192  
4464172  
2153778  
436762  
3426183  
2933532  
4528227  
7049876  
13485230  
4798529  
6751248  
1877446  
2692166  
1917757  
3022400  
2442700  
5510342  
6616312  
5950646  
7171797  
7576545  
1591232  
954173  
4220535  
3391706  
6647587  
2052268  
1771379  
2114597  
7886811  
8855393  
3172581  
8054698  
822738  
5945415  
9727447  
2351337  
4246723  
2218578  
574963  
4106236  
2065681  
11524251  
