0  1.00544e+06  146408  668932  175285  48674  435549  55589  4574  22145  5434  4751  234  450  2932  25534  83243  40988  52126  18701  4948  13228  67785  101963  23776  2555  10325  137089  75341  148963  8465  324414  5028  1.0452e+06  144934  235055  528630  49547  36633  60754  63530  4784  9050  8428  16020  1762  397  21468  23411  2016  2044  1236  244  129  238  707  4950  866  9309  1748  5805  1099  864  1981  2989  824  172  457  1168  1436  1364  145  813  17  640  13723  13644  6856  3316  3388  2159  1747  56933  
914119  0  12376  3939  776016  15282  524152  85431  2147  11851  5068  738  230  617  2045  11116  34544  26854  40333  15180  3999  10718  28111  75060  16782  1584  7569  22691  31342  37502  5454  39417  568  36117  256750  299617  329175  34211  7055  61710  25487  5104  80484  8316  5870  48572  815  137445  80801  1605  2342  957  920  268  345  806  3804  1044  6617  2024  4589  996  1266  6553  5013  1346  174  710  1539  2521  2210  218  952  24  1007  50429  30994  26219  10632  2646  4106  2790  73281  
32942  7374  0  216457  3035  678  212993  146590  2641  1698  1897  271  161  624  708  1574  595  6653  4482  6538  1101  2425  6575  17358  4454  609  1569  29358  28257  33986  858  12325  54  1430  20362  93625  139127  11996  23317  15035  33104  5991  6362  13782  14051  2844  417  21683  19887  1428  505  283  286  205  367  480  795  241  1800  583  1961  288  272  898  896  354  49  256  601  675  697  57  417  2  397  8175  17808  4149  1655  3428  917  835  9233  
768612  1889  220183  0  1284  518  9747  692844  926  1963  2852  1.03006e+06  15970  15712  10028  1712  538  5190  3270  17081  1705  2360  4757  12552  4137  632  26325  203823  30326  48594  626  80310  44  4085  17744  121105  125371  11600  42326  16148  48176  51912  8655  128075  958019  2927  722  51137  211721  1654  943  2164  173095  9551  11455  8698  1559  594  3181  1331  11146  1190  1063  4595  4833  1788  410  1614  5526  3046  4579  154  2655  10  1064  20537  164795  21740  3425  31987  3771  3609  10252  
314821  909485  6750  6175  0  1.00424e+06  1.53098e+06  197268  23649  41260  7264  593  260  780  2172  33782  150244  175580  225120  18651  3014  5138  25639  26491  11292  1244  6880  11287  12521  39632  13306  108009  3334  395303  289150  180405  278960  50695  3592  33518  13734  2907  12340  3771  2077  54722  5369  175328  64934  14257  4181  1710  528  245  213  657  7390  2271  12497  5365  5612  1088  1259  9330  2559  2096  226  697  1421  3966  2945  479  2418  35  2197  85310  12418  44070  23145  729  5017  2939  101739  
176169  230988  4578  3676  1.09426e+06  0  527144  328979  488999  1.41743e+06  12028  133  503  815  973  64109  128879  121022  157527  22762  1401  1038  10817  4564  6440  1132  3023  5109  8674  48290  14298  251727  13590  844631  130776  86638  123314  49411  2638  11305  6441  2621  2899  1096  1060  25555  11367  132102  128747  92734  26188  4342  172  133  302  378  6022  1575  11971  8396  6892  710  506  3103  919  2228  246  520  1163  3550  2314  347  1758  36  3018  57929  11095  26755  16222  577  4036  2235  67344  
364784  626095  471261  43473  1.87702e+06  646402  0  1.97362e+06  1.17148e+06  144603  16326  1425  702  1915  3870  36344  87200  406613  763377  42531  6710  17406  84699  126418  52734  8673  15021  62605  121118  161271  13864  56041  544  24135  396049  404524  570741  68156  32338  100039  67923  18679  153627  27370  16402  237972  23924  807592  314056  73393  15941  4386  1916  838  1028  2421  20384  7690  38496  21535  18847  3937  5552  37245  14710  8808  880  2919  6548  16988  12726  1779  8979  162  8902  362438  87973  182666  88515  6498  20893  12018  210651  
23389  51271  272183  928580  106863  153875  2.03549e+06  0  1.97524e+06  330376  541917  700102  1.25403e+06  832855  255220  34945  22243  174484  80853  463712  37876  42308  88739  251505  57167  12537  30876  76085  85701  98400  13605  65332  1269  55532  484959  572641  1.25151e+06  159404  16732  182542  58459  44554  80001  68377  150872  284268  113090  1.21417e+06  2.48454e+06  598821  194106  61923  105876  129589  22901  37323  38749  14360  102913  72562  126959  13352  10969  53245  25870  23732  4600  6801  13403  36172  26590  3714  18124  274  25854  586815  173465  323538  176028  12894  42880  21314  345272  
2405  4645  16914  3772  43710  608197  1.11657e+06  1.78105e+06  0  1.51933e+06  3222  66  36  139  222  12754  15284  191911  298716  7875  285  274  18332  1785  14187  3194  2638  3118  26369  29193  3422  14216  214  4975  26309  44810  32647  12128  1259  6867  2548  2651  3574  1227  957  28561  22269  164189  186059  188203  49528  3024  116  85  181  320  5388  1807  16186  15225  6409  652  424  3289  847  4111  441  574  1170  5325  3004  493  1841  37  3421  50632  19399  22248  14264  438  4435  2047  28230  
57905  46819  7839  5130  62601  1.52828e+06  248802  763852  1.47011e+06  0  85720  227  322  1242  1706  2.337e+06  286710  179096  152795  23418  838  659  7322  2794  4877  975  4730  21980  8577  50920  16070  552548  117210  595625  195989  309314  519723  340492  5228  12570  11379  1383  2138  736  892  7251  6486  28981  118799  141748  169758  18533  129  93  238  394  74509  2456  30550  8932  8463  682  315  1925  535  2138  317  435  697  2675  1410  348  1412  22  1217  17888  45894  10764  8682  1023  4357  3615  166780  
1362  1129  5170  14475  1432  2740  6350  883758  1735  168590  0  10195  49621  1.05739e+06  10472  64115  3907  103870  1784  846618  10230  1434  1957  3518  1058  247  1124  2650  1778  2112  193  4288  256  2293  34678  25931  28331  15546  1013  4310  2534  1317  1087  1439  2924  4453  3162  19978  88571  26355  368442  311793  3043  7412  16770  7267  245786  5842  83205  4550  77959  8146  1577  1230  1676  2632  3008  1981  1155  2055  1884  859  3325  93  1253  19036  50952  9767  6803  635  6443  1702  25938  
7468  1682  8012  778103  1024  220  8743  1.04952e+06  466  1031  8507  0  301272  256718  229726  1023  217  2855  838  195223  8646  2436  1179  7608  3310  2223  13621  29204  4044  2587  57  3936  7  709  8958  10967  20214  2844  3505  9040  8416  10183  4413  19490  145396  8731  911  37044  184491  1938  1508  3511  439050  33757  22277  29916  1748  857  3625  2049  45825  4135  2609  6218  3918  1642  759  1117  2732  1922  1966  194  1713  12  1115  45417  36155  34936  18923  9515  3793  1608  17868  
2632  947  3898  32677  1105  974  7896  1.14713e+06  2004  2235  45127  528874  0  918585  480186  3152  470  7541  1290  557961  24451  5131  1762  11353  5921  3867  16665  22546  4353  2746  72  2781  24  903  16410  8178  22433  3725  5200  23317  8287  2458  2181  3260  10460  7806  1544  24431  190189  3955  1845  8996  129725  461408  73777  77261  1780  749  4280  1968  128193  10192  5286  3188  4515  2009  2259  1454  1526  1636  1313  159  1123  15  1377  26821  7440  23389  13397  3256  3770  1331  15121  
3008  740  5728  34204  897  1018  4749  675286  1781  6180  1.20585e+06  276095  842835  0  713900  10150  943  33417  1811  1.0778e+06  44739  6571  2367  11349  5411  5031  14355  17704  3890  2883  130  3501  46  1386  23562  8564  24987  5099  4073  48414  6443  1611  1079  2231  7276  3937  2030  17380  114670  13737  19785  101312  39654  166439  453964  98388  9243  726  10249  2300  181215  13305  5897  1364  4523  2943  4088  2862  1523  1488  1097  147  839  14  720  11828  5952  6733  3804  3152  6326  1116  11041  
3014  932  1777  18192  906  312  2720  122386  1007  2254  12573  119241  163148  503281  0  2263  1627  54145  14200  1.65512e+06  70850  30210  9763  484371  58260  130492  92525  18080  6796  5455  234  8239  103  1598  39429  3668  18934  7792  2503  210058  7035  1201  529  1253  5793  1298  314  4309  35259  1271  1251  7700  20431  36231  168520  395646  4360  1229  24399  3676  265047  20395  11768  4930  10099  3526  3334  2912  3068  2970  2456  243  1569  44  711  16883  4817  7001  3889  4993  9744  2915  14805  
39968  29729  7529  6619  49631  102316  135841  84524  76442  2.36252e+06  99380  374  407  1618  1225  0  2.05053e+06  670826  177398  37569  611  401  4394  1563  2625  493  3265  33256  9163  50614  13652  479699  213701  569507  150946  72856  546848  289994  2865  7549  8869  994  1644  615  897  3649  1622  12408  15350  10203  46771  29862  145  122  386  784  145883  9076  111961  3243  24920  2206  520  1167  709  860  320  459  676  1842  2040  1128  4578  108  1055  19261  7883  7738  5890  771  4547  3453  143062  
176852  208041  5265  4207  180855  83111  230374  57852  26685  214970  97841  426  518  1572  21097  2.08902e+06  0  666255  2.10539e+06  253616  2342  1118  12865  4102  12250  2558  8672  29026  55217  486572  429760  2.62003e+06  596596  453529  99652  38458  276826  67693  3276  26839  10663  2993  1981  1071  1165  4884  3180  16858  19189  15755  25210  39497  229  265  1012  3014  167018  22246  298653  11389  118405  4343  976  2313  1562  2731  1149  1654  2775  7403  7538  3599  11519  342  4711  51841  10920  29820  16231  1997  12902  6491  67969  
28203  24719  19679  11493  69158  37016  279818  256526  269057  133755  182364  694  670  3576  8329  584226  260315  0  3.32067e+06  749117  101676  11697  717444  62637  276069  39918  40374  68766  89783  90251  4414  137838  2745  55740  193669  41038  312545  97104  11836  242260  59771  4855  3468  2224  2558  7541  4420  31032  40596  33248  23691  9244  381  369  616  7244  52488  23209  208796  31797  78249  17971  15028  18146  16936  11031  2454  4704  10923  24103  18139  3862  12531  401  6336  100258  14896  47412  25067  3444  36395  18842  125889  
53388  55262  24590  9875  128314  76405  1.06031e+06  167109  361544  39940  17315  497  349  971  11725  72067  1.97423e+06  2.92024e+06  0  56313  5107  2597  1.18115e+06  34830  337311  60274  45468  69114  663102  1.55484e+06  592776  514913  2514  104137  137113  33487  418530  128830  9924  156796  51144  1812  5050  1461  1483  8157  1909  28797  26846  16141  9031  2575  206  153  298  2288  12072  4592  47957  9093  27639  3411  2550  4765  3737  2783  626  1268  3049  5722  4304  736  2780  88  1913  32478  7859  18957  10627  1359  7485  6258  97996  
15144  9115  21720  41106  8371  8532  39098  547214  9630  20669  773649  98137  187528  594798  1.81647e+06  33298  21553  935270  38603  0  1.80039e+06  626859  63906  631830  125154  90992  192090  105239  92037  107238  2959  82096  947  12961  390601  43914  211440  75945  13760  832182  72375  12758  6749  8271  13432  14155  7610  56962  183872  43559  41127  70991  20898  36624  147450  203143  85459  35527  472618  111722  1.32178e+06  145937  105866  94263  103193  50879  19568  26029  45776  68174  50967  6337  29451  892  14777  301799  32640  138772  76726  12694  136497  70930  170095  
1332  867  1588  1635  530  176  2280  15077  225  811  4084  728  1298  2722  25086  465  204  79320  1556  746625  0  474706  65233  147686  13250  10595  19028  10822  8001  10504  179  6915  13  726  41664  3224  20615  6447  1359  90208  8584  582  431  336  502  425  151  1977  5540  752  611  967  197  333  564  5273  609  312  27494  5921  48934  94837  28293  13943  21847  5375  2346  2561  3183  2842  2078  96  1115  19  529  25433  1076  7010  3227  540  18326  4825  12367  
1852  1133  1217  996  720  52  2113  8854  97  369  887  261  445  741  20784  215  77  21916  608  241001  475870  0  61611  465206  8556  8280  12940  7440  3867  7327  141  5771  9  696  23958  2129  20169  4674  968  51443  6276  212  245  153  241  219  44  926  2206  193  147  212  100  143  172  1846  192  97  11805  789  21216  81825  42085  12881  33855  1524  889  879  1039  895  746  18  350  5  172  10366  467  2375  976  194  7983  1494  6255  
44571  23398  11056  7257  17850  3445  54052  70320  19951  3002  5088  332  280  609  3083  1092  3175  590712  1.24174e+06  64174  83656  55180  0  307051  1.09699e+06  63618  51969  57701  1.29131e+06  511485  6595  127926  247  21990  88877  17912  223079  69668  8151  129403  64832  667  1904  551  756  1521  297  6769  8502  2105  1671  531  129  108  97  1740  1990  538  11888  4021  9164  6731  6674  7638  5941  2378  785  1066  1673  1922  1316  103  730  21  448  20602  2640  6085  3314  562  8483  3301  57001  
14744  6961  12070  7786  2799  501  19855  58225  1565  1151  2520  950  1089  1707  417848  547  385  90615  18951  531470  283072  684684  390241  0  1.43142e+06  422568  98701  50743  39153  66206  860  41673  53  3379  74559  11064  126070  20885  4623  271153  31569  572  1419  485  869  806  145  4195  7253  777  683  430  310  463  310  4130  686  286  9578  2527  31957  10599  22741  26726  108581  3217  1370  1433  1545  1449  1081  62  587  12  301  22695  2004  4611  2461  562  15812  2509  37311  
9397  4070  9146  7083  3109  2118  31448  59522  16033  2397  4141  3374  4753  8536  30496  899  863  113369  151236  54079  15246  14493  770767  1.34841e+06  0  1.67815e+06  1.20414e+06  182499  3.26445e+06  86344  1031  38648  96  4755  203537  19052  86582  31095  7336  759717  111495  721  866  500  864  922  269  4040  8476  1929  1736  1876  875  1002  236  1570  2522  1121  13342  3463  11101  2994  2439  3177  4208  3247  791  916  1552  2490  1734  154  954  33  573  14370  2080  6146  3685  734  8305  2887  50458  
1557  702  2032  1765  613  489  6952  15267  3371  455  979  1459  1698  3878  53922  161  187  23935  20552  27702  9959  12345  57415  331993  1.7219e+06  0  635014  27892  42582  19431  329  10258  24  1090  14387  2458  20668  4553  1092  282077  12437  145  144  106  225  161  46  759  1982  356  384  775  323  353  75  509  589  100  2501  812  2753  1051  853  1058  1444  538  218  234  320  370  246  18  146  4  89  2691  409  993  559  127  1711  514  25099  
11361  725  4610  23781  568  222  2564  38203  867  2532  985  12815  11329  21916  85947  2482  1239  30106  12400  75643  20624  12016  22694  56707  1.02578e+06  521833  0  369166  10716  5005  260  6201  193  10706  179160  10441  73570  78936  19864  800832  464526  5725  181  470  4625  364  83  1364  7196  428  899  5960  2550  2437  815  1843  2542  354  6525  932  10348  1849  1163  1277  1988  1063  878  860  1459  769  674  58  977  7  174  11236  12783  2325  1452  6520  8543  1817  79077  
243717  4364  50990  244184  3289  1065  18953  76739  2276  19242  4323  32625  3927  4695  7514  26430  8438  37114  32043  21809  8404  13230  45481  53038  133229  6762  313479  0  306838  362015  3506  524713  1852  63402  140980  41353  505856  138096  61978  165097  563113  16986  819  1974  25805  773  218  3801  9371  1330  1347  1269  2581  1658  1257  1082  2584  535  6040  1150  5588  929  682  1094  1840  706  218  597  2678  1183  1169  78  2023  11  296  8225  32963  4028  1827  13719  2833  1845  67032  
25133  8624  18765  15220  6945  10488  82136  72137  23703  12042  11250  721  570  1070  11694  9007  7245  70824  473703  46519  9382  24208  1.04783e+06  117320  3.16267e+06  44689  50607  470181  0  3.88798e+06  37431  105956  374  11636  193268  40039  210404  120850  16974  434846  95472  1758  1496  1016  1648  1706  687  7258  12603  4393  7003  4825  232  171  335  2613  23622  4740  52548  7957  29014  3360  2385  3412  5073  2619  656  1418  3365  6328  5020  661  2970  101  1659  23975  5066  15026  9091  1620  7737  6313  104654  
68115  31681  37007  31993  30984  28999  155702  142979  22246  22313  38235  1017  720  1685  35709  22041  444347  198640  1.37592e+06  169633  27058  54171  593518  308201  118192  18273  29665  533917  3.55476e+06  0  1.44245e+06  3.78186e+06  1974  32137  240543  65433  495689  286551  11124  276249  59255  3087  3074  1632  2553  4170  1613  15824  22132  9595  11078  13414  312  301  788  4113  61335  10781  155277  11623  85938  5812  3643  5311  9062  3626  1227  2003  4247  8560  7186  1686  6228  224  3579  42298  9168  29422  16597  2458  13068  9484  208414  
5152  8748  2231  1872  14372  10527  44236  25694  4378  5868  3643  80  60  169  3020  3890  644647  26859  1.0651e+06  14477  7203  2671  44352  6001  10850  1992  2678  6671  100254  1.92587e+06  0  763276  943  5038  29390  9790  85220  72670  630  8248  2902  271  346  163  232  688  166  2289  2824  1263  1285  1319  32  18  87  276  5475  816  12176  843  6623  578  193  381  365  301  116  173  332  667  514  106  460  12  281  3673  913  2589  1618  203  1199  1060  29810  
671070  202485  48689  141077  114900  196233  80984  170234  22064  328926  58336  8713  1071  2462  49112  253096  1.62253e+06  457290  762352  313903  36377  36732  309790  157414  109066  23563  33742  703453  124628  3.82603e+06  955796  0  1.11963e+06  1.20359e+06  144041  63013  1.1772e+06  132134  15550  129012  92301  5311  3162  2491  9826  4995  2723  20253  30761  15058  10197  13452  659  482  1083  4185  61797  15568  220390  12617  123392  5250  2433  4507  5515  3812  1545  2232  4076  8803  7847  2553  8829  266  4734  50925  13510  34970  18149  3435  14158  8441  112962  
41142  18467  498  505  9216  8086  2347  5633  389  25286  5120  35  29  77  481  47887  314884  18010  5893  10125  113  63  829  256  579  142  417  7374  854  6757  2533  606555  0  289314  2412  2360  82630  2130  195  518  794  72  73  32  62  161  91  584  899  459  1038  2017  12  15  35  92  7243  535  8362  255  2988  153  36  69  43  72  40  58  50  133  155  92  301  8  89  1479  364  596  381  54  284  140  1913  
1.21678e+06  289602  11349  21508  785319  1.35672e+06  84080  262466  14396  985422  22302  1124  552  1073  3809  882316  1.20618e+06  200374  139804  49771  3316  3000  34680  14239  14976  3399  11142  118071  20497  126418  37086  1.81517e+06  840925  0  40564  29548  1.60167e+06  15839  4168  11500  32272  1049  1962  864  1732  4025  1391  17438  24854  8590  5438  4976  150  94  181  470  19933  1952  25868  1886  11140  741  358  1213  815  548  138  282  561  1074  951  287  1172  33  651  13565  4151  6868  3858  873  1744  1067  20316  
36914  75819  169131  104663  39185  32358  243642  2.20001e+06  36017  690086  334787  5034  10319  19731  69264  381453  90879  819797  269177  680003  81587  63450  238393  167755  480301  39990  557462  438647  408733  256429  5556  144644  1389  18182  0  3.27997e+06  536615  448131  418032  2.67751e+06  1.00526e+06  12879  26274  12862  16729  45311  14360  198661  360215  92267  43873  32072  2373  1758  2539  6562  33068  8440  84300  19912  80544  13091  10182  27017  21727  11984  4013  7863  10880  14732  10770  1370  6523  161  6795  435556  56994  105982  66709  15842  91142  46224  3.5851e+06  
30654  58666  151792  69917  15224  9656  150345  424183  11737  177151  117193  2648  1549  3275  11855  120465  26664  133018  29847  119522  9526  8994  33468  28853  58893  3878  57690  68318  61713  38107  1095  43395  1497  11810  2.5992e+06  0  449071  320803  694892  273095  133532  23266  24551  7482  13167  17697  1619  76745  92641  8181  16589  12973  1673  739  1068  1833  19315  2374  24829  3504  17725  1894  1450  7184  4814  2208  468  1758  4840  3655  3492  371  2920  35  1947  78532  77191  35450  19499  42662  7945  8296  674142  
182541  128053  280989  217629  136519  16792  269194  1.43896e+06  25994  741281  173471  7797  3530  7966  25968  418935  62559  410282  258335  195475  17975  25580  114155  112253  55607  11595  53779  223890  85556  127341  17103  259537  10535  208694  320601  2.21409e+06  0  1.66948e+06  171201  94756  141450  12948  25128  11041  20857  31931  3664  120862  179261  33919  40262  28485  3064  1139  1554  2962  35201  3585  39607  7569  26166  2882  2441  10726  7343  3147  614  1295  3592  5273  4659  612  3292  62  2470  82223  51717  49230  23089  12907  8115  5051  173897  
8054  11935  28591  29843  17185  4248  36824  348312  7562  382855  76626  2183  1140  2314  9847  160431  15064  146297  83170  79310  4771  2745  17865  7123  13392  2932  24074  41970  16989  22925  2794  11319  211  4544  97259  294124  1.46966e+06  0  42070  21500  96303  2410  2458  1343  3497  3700  683  14300  26985  6101  11174  7808  533  252  376  722  10948  928  11583  1531  8052  754  441  1843  1042  643  162  327  990  1111  960  150  773  13  404  13650  8441  8572  7425  2681  4775  5622  200705  
48494  1387  113102  123463  354  796  11737  14611  784  4136  1843  1505  778  786  1322  2911  828  9255  4099  6672  1302  1587  4972  5730  5394  503  15179  31850  11465  4926  70  2664  26  481  92816  404834  125932  32629  0  19642  52531  9634  1380  1599  7341  424  72  2533  3916  331  517  232  311  288  281  282  785  256  2192  542  1296  297  354  1666  998  635  68  832  3970  1841  2011  41  1009  6  112  6721  23464  9708  1514  22640  1282  4160  21292  
7895  4445  18554  25961  1179  536  13984  60589  1469  2249  1948  11800  13418  29269  104888  1512  1062  60910  19612  170105  70248  40201  32875  111823  992686  279094  1.95938e+06  344530  234692  107369  1272  41897  74  3082  2.02513e+06  51085  81984  40431  34604  0  1.15248e+06  3543  1314  1871  4164  2168  692  7821  17314  2939  2602  5842  2083  2001  992  8017  5470  6646  66561  14931  59153  14390  13823  11764  22578  9901  6755  7458  9060  13929  10826  873  4807  190  3116  95614  7156  31532  19966  7667  109554  21382  97094  
9673  1216  7192  10887  379  334  3731  12009  1249  4677  2291  925  689  1250  7374  3393  1362  29657  25631  15064  12570  13029  60953  24799  107497  22904  1.57189e+06  457167  32304  8907  182  7410  100  6096  746949  33997  117096  299277  78873  1.1661e+06  0  775  189  358  1387  299  91  1327  2511  572  818  465  147  95  80  468  1182  410  4408  872  3318  1199  929  1632  1702  874  396  779  1409  1066  844  44  299  8  152  18303  2205  4122  3299  4244  7419  7559  222584  
2687  4646  6849  10839  1024  497  17318  14971  1410  1497  1267  434  225  131  578  1931  1142  4977  1452  4893  1218  1786  825  1343  769  137  902  2046  1456  1300  68  1447  24  357  14156  9655  8577  2861  2758  3303  2348  0  1.42654e+06  61188  644024  270300  72144  481829  57573  11441  50444  3573  2397  1542  1435  5200  51850  61352  71472  59238  19343  7554  12937  122662  85791  33980  2308  15777  150099  98050  259130  32623  767655  3136  1.25081e+06  406357  263757  600863  97510  65787  36386  33879  129566  
16166  55270  28031  14352  5758  482  113624  41559  1083  1261  803  432  118  236  398  1163  393  3199  1561  2847  662  1399  1805  4646  1796  229  849  2616  3696  3142  102  1520  18  429  24283  37103  32106  4912  2154  7259  3016  1.20878e+06  0  4483  5213  580405  15845  402267  26026  7417  9341  1875  316  136  151  1730  16454  11490  21081  15330  7924  2658  4685  41584  25686  8010  584  1998  9750  25694  37894  6247  226944  191  36909  257012  218554  89428  35160  6111  21313  8818  57517  
6536  2628  29529  55761  341  147  8290  9934  395  207  169  1305  45  71  103  136  78  625  297  824  180  241  309  788  203  28  160  857  644  787  25  525  2  91  2522  9459  4034  624  1403  809  923  35162  1695  0  163100  1373  536  133606  139383  1205  901  381  345  129  379  602  1648  903  2849  2022  2988  774  1024  8442  10417  2930  277  473  5590  7733  11541  348  2835  13  1521  26894  63481  43379  3344  16540  3230  1875  6536  
16544  3375  97261  981084  841  448  12870  82346  898  940  1572  109105  2049  1961  1995  527  205  1832  974  5862  697  816  1253  3582  1007  137  2733  18577  4656  7204  113  7523  7  397  8680  49386  25958  2855  8765  4003  8388  654215  2032  235032  0  2674  1002  27815  634293  1982  1674  4280  656654  25854  23972  13394  2645  1219  4750  2185  15983  1907  2233  10677  14308  6524  932  5184  29781  13575  24713  407  15564  24  2683  50086  308864  89667  5563  144402  7751  5876  15740  
1496  24823  4728  3762  25611  9623  197005  91945  18637  8521  1562  589  344  422  596  2486  1463  6619  5449  4819  1024  2046  4389  9164  2591  280  1655  2739  3132  3250  455  2625  39  2457  65870  53662  43483  7663  1115  10598  3690  514961  796282  5692  4977  0  1.00497e+06  1.14396e+06  142069  58231  63504  3227  901  584  581  2659  38914  61623  39199  54055  13350  3051  4212  40828  9194  12363  968  2138  7887  95004  118182  36198  118219  2409  401318  243192  142935  121289  63600  2336  23263  8489  80779  
944  2356  1706  2203  3085  10757  33517  73611  53741  24363  1805  242  473  156  246  1999  1260  5665  6013  3177  414  410  1291  1003  1020  155  558  1049  2143  1843  213  1836  51  980  21930  8586  11486  4333  540  2849  1407  183405  93478  16707  8888  1.59518e+06  0  721220  276294  737619  1.716e+06  10001  651  361  601  1841  94056  99623  54767  100140  12197  2152  1658  19912  3875  18098  1125  2070  7956  98670  77121  38358  222671  9096  883536  127595  401273  98545  90528  4944  43347  8073  87049  
30060  129161  67203  47351  92061  48565  805929  357814  105863  29985  5932  2220  958  1273  2178  9235  5661  26198  19587  20284  3898  6663  15126  30407  10700  1230  6190  11911  15157  14689  1655  11776  226  8240  235208  207351  166597  29844  6192  40539  14916  301943  612693  316519  43281  1.71607e+06  816800  0  1.82252e+06  1.31204e+06  69932  7177  2261  1808  3641  5927  46345  146982  113903  287514  49570  9011  9686  123102  56680  155345  15040  6689  17516  396253  292336  73788  54513  197  48759  270283  217390  186806  53979  13979  39636  14555  136816  
27394  71398  86529  180049  70966  144852  702120  2.35908e+06  621892  259097  38641  33834  55151  42811  19678  18886  9387  69820  64698  94508  10211  11461  24967  37630  19617  2566  11493  25148  32650  29864  3183  29627  694  20373  474064  243146  299771  80696  8638  66223  28047  49130  73932  215484  831316  431136  140561  2.28313e+06  0  2.05215e+06  451455  597872  1.35562e+06  864564  712895  247217  61032  26540  197263  67196  472506  49112  40609  212879  117300  42303  26355  20890  21756  48405  53075  7258  32685  538  45047  559717  599497  749419  291025  28805  97476  25827  381623  
1028  2031  1349  1500  3010  16127  34113  155378  125137  72834  2540  95  216  141  215  2710  1740  9540  8137  4251  326  283  1560  802  1203  183  648  1105  2250  2050  238  2544  73  1379  26009  7579  18120  8024  407  2865  1509  9786  18724  16376  5381  153427  739328  1.23565e+06  1.64818e+06  0  1.55771e+06  2628  253  158  235  712  59612  62098  128906  254153  7581  663  500  18744  1686  25546  2137  1380  3229  64616  40732  13020  6848  85  9081  40894  366155  63243  43473  2873  13760  3373  37124  
1104  2184  1981  2466  1863  4745  15097  200965  66040  265162  24823  294  315  193  255  8969  2733  16678  10449  5138  482  433  1589  938  1464  290  1309  1641  2137  1491  100  1743  42  891  28100  12149  16519  11389  902  3047  2858  106201  30539  11612  6731  104096  1.51876e+06  164447  833859  2.00136e+06  0  114834  780  626  816  2807  2.68318e+06  184486  201766  97576  16326  2440  1804  14639  3576  13311  1454  6656  24902  28480  25084  13438  539668  82757  819796  288585  980152  513592  452260  6199  187650  33460  273412  
1208  1162  3138  6193  1376  3816  10222  287955  21854  286800  304763  1384  4120  23419  2563  38672  8105  20437  4205  25088  1550  471  1258  675  972  192  779  1384  2634  1377  114  2505  125  1181  36239  15569  17952  14376  492  2888  1791  1437  991  3000  13657  5217  1713  13284  661898  2022  107549  0  8643  30605  753680  4213  106245  1480  102441  1006  508834  10000  2100  1996  2183  762  530  519  847  1028  1092  313  1430  30  1023  12946  13355  12523  8229  1515  4324  1491  23724  
3280  3393  11192  285783  1963  675  22142  174416  1093  2559  6332  492180  64601  32202  28998  977  278  2084  973  30577  1599  1184  1335  4274  1560  455  3475  10386  2477  2484  78  2555  19  537  23084  20143  19331  3279  1225  5453  3871  11576  5761  14575  577000  11479  1097  38515  1.07716e+06  1320  1564  27717  0  354018  136289  68305  1941  929  3762  2179  63581  5130  4943  7890  9103  6466  5669  6894  11074  2418  2785  245  4638  17  2181  28985  43389  39809  18987  126493  10832  2423  17579  
884  822  3089  12412  1288  3066  15742  132964  6172  3405  11307  28835  239106  85338  68027  1878  474  3255  1158  122002  5638  2218  939  4229  1305  347  1614  3425  1544  1576  105  1456  17  598  29527  11404  8445  2752  608  5480  2041  2718  2202  3296  22642  8803  1233  23430  859169  1403  1128  41253  230336  0  464312  227562  1579  733  4530  1795  270722  22216  16208  3611  21448  10516  17921  10062  8621  2472  1657  182  2768  17  1418  15463  8934  15016  7634  41273  23549  2045  15152  
1166  846  5737  22437  850  1983  8216  114761  5578  42280  134152  19322  76165  488742  170934  9676  1246  8332  1465  218623  7666  2269  742  3323  1084  425  1727  3753  1520  1432  69  1695  49  583  19293  8075  10315  5419  589  5479  1826  3231  1293  3366  37333  5233  1344  11992  752727  1467  1470  778021  113457  585645  0  416999  4098  745  14028  1511  568028  29543  13696  2807  15492  6660  7374  8860  7935  1753  1650  146  3298  21  981  11090  19841  8617  3107  38949  46626  2337  10605  
1747  1067  5987  22310  877  560  5027  47785  1322  4285  20988  12269  21573  60859  381949  4024  1356  21318  4776  314266  18549  7993  4037  12522  6199  1941  3471  6540  4508  5065  133  4837  48  772  20296  6582  15587  6215  1297  20036  5524  4029  1461  2960  38675  3906  790  10149  161680  1322  1341  4346  82567  236267  515564  0  2551  2929  70001  20653  1.4674e+06  90530  68450  13917  624637  62435  133412  80852  19726  10216  6261  828  7065  190  2117  37942  31839  21462  18351  33204  181336  15474  21544  
1046  1841  1413  1916  2360  2131  13565  20469  6469  77797  21714  291  217  149  273  58152  23869  16195  3882  8818  822  452  1478  824  910  136  861  1597  3669  1707  158  4383  255  1698  20080  7597  9684  6278  1108  2656  2279  58503  17289  5430  5381  39301  97186  51966  70141  105462  2.55055e+06  83029  806  750  1074  2769  0  2.10422e+06  722211  140998  13323  1673  1266  9101  3005  9061  1032  5826  20932  21023  21621  15504  792754  518393  584021  319108  242079  639285  500146  11422  196883  46503  328722  
1637  3059  2164  2722  3461  2420  23384  26200  7961  26204  24590  566  431  303  1264  70158  29693  46366  8115  35154  1212  886  2865  1495  2101  298  1549  2819  7583  4027  428  9306  370  2441  38987  12110  17855  9491  2272  5583  3918  105034  62935  9867  8859  171258  183210  212068  103781  145895  362870  13823  1437  1731  1295  14588  2.71566e+06  0  590848  1.79967e+06  55513  6948  3700  44945  9693  47603  5687  12550  39848  225863  606567  562157  2.07375e+06  489464  571741  417392  188553  472356  282751  19247  119145  61106  242846  
3848  4184  2929  3530  5363  3912  24550  50123  17223  53012  34496  599  494  616  5106  85653  55879  138449  28306  106360  24091  12079  9369  6349  10388  2036  5218  9547  20374  15413  1180  29001  788  6163  94579  17261  45933  28356  4483  32150  12885  33799  10994  8542  7815  22990  24902  122499  201152  161205  97375  84603  1324  1550  3035  18667  663070  760560  0  2.90991e+06  527887  191303  24622  695132  38608  245945  25605  26830  45397  119372  50167  8662  79189  2024  61398  190510  66192  343504  167728  16985  89346  70088  144754  
3325  6943  4449  4932  4846  2333  40812  57664  9397  11046  8251  1561  1111  546  7504  11928  12077  61647  17616  52097  6692  3245  5122  4976  6536  1334  4454  8265  11329  10918  627  15726  294  3260  73271  23526  38442  19595  4357  26018  11549  92564  35151  19137  13789  86565  73005  418895  220340  536656  45513  2682  3089  4224  2374  56519  72478  2.52137e+06  2.53674e+06  0  170589  16525  7469  2.16863e+06  38569  716210  72299  61821  115563  1.07471e+06  1.45136e+06  912092  303254  2819  184249  279619  68437  436934  177091  19389  122620  134794  149148  
14747  9835  13449  23925  10937  7937  40348  193432  30252  117595  298784  12977  28282  45656  218325  142872  65751  359366  91841  1.192e+06  140448  54895  33894  52542  42934  11130  25796  43540  61257  58598  3369  87395  1679  16979  299247  42641  169493  98879  11735  191607  52986  12219  7091  13257  39550  24560  8084  83557  480225  12370  15264  492780  42271  128647  610685  1.64096e+06  19006  16348  818485  57508  0  2.12784e+06  731710  58915  686180  106921  117343  97225  51200  62383  44165  4486  26387  610  12323  217839  43319  110756  62323  15467  260318  51711  175511  
1858  1352  1272  1344  1065  347  4258  12730  1350  5772  11809  279  415  862  5666  5376  1618  47069  11129  60883  147402  75399  14114  17264  13452  3974  6313  7391  6522  7952  224  7612  82  1319  47927  4639  20378  10952  1810  60327  9412  3879  1694  1869  2122  2695  555  7328  24165  687  1752  1817  548  968  1080  58514  1309  950  245695  8918  1.02589e+06  0  356942  119956  161371  37507  29267  28768  18678  14409  12144  869  11588  127  5176  100570  5375  46917  26711  3131  91872  26642  36548  
604  636  588  742  379  81  2135  5136  357  1137  2795  158  162  312  1982  860  331  13978  3628  15305  36815  39857  6429  9097  3722  1437  2931  2756  2169  2654  69  2771  29  478  29268  2120  7281  3824  682  30788  3229  2541  1360  1983  1967  1045  183  5140  16535  342  747  364  403  584  514  32765  542  701  50469  4405  413155  276534  0  136431  421688  22321  25360  24703  18715  16465  15380  340  6228  46  2415  56197  3085  33314  10272  2007  77391  19760  17804  
2096  7896  4447  4436  2549  573  33455  36002  1561  1922  1182  1459  797  339  1665  1285  665  26102  4255  35240  47631  43510  12163  43312  7967  2113  3397  3897  3341  3726  107  2981  25  595  43583  17286  17863  5878  2083  27703  5026  47203  32851  14576  12495  19139  2680  132496  212405  48562  5787  1379  3133  2977  1943  19479  5889  21188  762359  1.22313e+06  51852  129892  222345  0  289978  1.51868e+06  54186  60009  118502  1.19864e+06  966118  11714  82249  368  59474  190072  19868  289563  98354  14016  91067  168572  106539  
1125  1217  1269  1959  543  178  3900  8430  511  953  1816  228  175  268  1874  753  412  17611  4573  16853  27077  48452  6595  73938  8279  2834  3869  4301  3706  4528  132  3731  23  530  39403  3414  11085  5259  1023  35464  5034  8390  3793  9869  8733  1671  423  15475  46958  931  1582  538  1221  1777  978  773585  1286  1709  90325  19139  495654  117323  504216  502807  0  1.76003e+06  709415  134532  63286  105884  67191  904  18161  119  4989  95685  7320  69889  15596  4316  236546  33691  36356  
610  1080  958  1694  617  281  5633  9659  1167  1521  4562  301  234  664  1007  1856  1302  11572  2292  12696  6483  4860  1954  3879  2237  541  1511  1683  1769  1647  85  2288  37  446  20898  3856  6230  3320  1315  10138  2486  15257  5101  8716  9310  5602  2869  77794  52749  47128  4188  891  4000  3650  1761  95508  7326  10903  195712  188878  31412  26288  29109  1.06221e+06  1.44358e+06  0  2.05573e+06  1.40833e+06  254446  3.15025e+06  134264  3030  22086  150  14234  206987  22081  94879  34643  12088  611260  166955  55288  
127  147  178  392  96  42  592  2774  115  384  2441  91  136  373  298  664  197  2393  476  2969  1549  995  398  863  520  156  340  373  365  381  18  506  10  100  4284  542  1360  693  161  2584  492  1427  416  1145  1971  645  150  5205  13985  1660  362  114  2601  2751  590  148181  587  666  19486  12541  13037  8198  10341  38103  387999  1.34862e+06  0  729720  62789  97374  16074  351  3147  32  1239  23849  1943  9601  3895  1042  249373  48959  7106  
245  202  535  1347  165  69  881  5675  243  1188  8406  310  292  1395  766  2332  625  5741  823  8047  2678  1646  835  1677  928  320  1109  1116  632  584  25  973  20  181  13913  1450  3000  1435  1493  6335  1487  16155  460  1036  9835  615  208  2727  22956  1052  1961  464  7759  5251  2824  185458  2228  1945  18713  9260  23584  11321  16329  29256  140845  1.18996e+06  664955  0  227948  42297  5924  398  5255  167  17819  107552  9898  41961  18744  24751  640168  310622  20931  
497  416  1566  6182  184  161  1945  3547  549  844  417  262  169  140  598  420  349  2392  782  2899  821  1641  473  756  440  68  1104  2238  681  553  19  766  9  122  6666  3446  3798  1739  4156  1990  2267  102035  3267  19284  46830  3154  1376  15364  23114  3109  8465  1393  6525  6198  3792  3555  10573  9649  34518  18516  11046  6476  14875  84542  39843  133467  3147  179755  0  300907  448862  2617  317383  546  57945  139122  42980  228290  40468  79672  92700  380710  42251  
1886  2935  1991  2720  2515  1016  17049  20685  4267  3161  2154  330  237  278  5399  2923  4141  32317  10410  31739  7596  6353  3072  4222  3661  701  2722  4465  5975  5968  407  9405  152  1898  41616  9385  20705  11497  2182  18213  6283  30101  42992  17315  11406  64808  34141  282382  77785  193497  12434  1837  904  915  1074  18904  21621  85731  156170  426849  42776  24687  37900  1.41182e+06  202214  3.09985e+06  104936  54745  778238  0  4.37532e+06  29863  46177  255  31402  338527  52040  194565  86707  9999  440738  81317  92974  
1488  3535  2543  4136  2661  1177  23088  21903  3700  4020  7017  478  315  225  2158  10462  7036  25417  5787  22972  4300  5255  2204  2758  2175  393  1500  2572  4003  3275  262  5834  130  1252  29895  10860  14381  6809  1636  8358  3573  99401  134742  36975  27367  194511  71791  277387  110547  113447  15808  2594  1097  1211  1062  17581  22305  1.04088e+06  157688  1.03885e+06  60310  25029  34747  689442  177153  140365  11361  12707  583864  3.8978e+06  0  2.19288e+06  3.9499e+06  1212  98545  236199  68406  204032  76154  9626  94526  45334  96745  
293  998  607  685  909  409  8116  6815  1191  1253  2675  164  121  47  279  3872  2408  6781  1223  5745  398  426  471  427  368  63  282  509  1008  668  68  1268  41  314  7429  3167  3409  1466  409  1314  721  26296  53747  3803  2758  101439  33100  102573  28020  25859  5605  849  367  476  277  5113  5884  838782  36993  876556  17234  4651  3078  60380  7685  17483  1745  3513  13282  134759  2.85995e+06  0  1.00114e+06  656  42926  69061  22780  50881  21795  2286  13380  11137  22590  
1477  2923  3181  8293  3130  1842  25447  27700  6081  9135  10499  648  453  312  1191  22665  10772  22308  4343  19151  2380  3335  1922  2015  1548  238  1800  4101  3616  2474  172  4522  133  1300  26997  11497  13926  5677  2989  5433  3587  530067  206869  38844  64738  255623  263265  140083  141216  38840  342596  7331  5314  5707  3891  21128  478924  2.02511e+06  290246  458057  106967  29972  25262  275118  83122  55656  6511  16462  538514  132212  4.26616e+06  1.60346e+06  0  703161  1.26103e+06  301203  195060  495058  140820  40434  67640  100194  116931  
42  98  58  95  83  49  777  889  161  231  246  23  13  2  26  497  219  481  91  479  34  26  44  51  51  4  31  55  85  56  4  84  2  36  736  349  360  138  68  156  73  16195  6572  301  279  8848  7923  2053  4468  646  82393  184  59  46  41  819  201985  269763  16310  6333  5631  777  139  1595  497  1078  190  876  3541  2964  3971  6956  524053  0  407215  5695  4431  19472  5106  723  1435  2624  2831  
671  2142  1910  2080  1667  1266  18603  20020  3326  3289  2316  416  319  147  302  4592  2045  4729  1234  4205  537  660  640  877  616  69  498  884  1131  853  71  1169  31  396  12905  7529  6103  2110  939  2297  1315  1.22278e+06  164734  7656  8083  908062  1.52314e+06  50107  110608  21549  1.33189e+06  5417  1175  1134  1259  7006  1.23096e+06  813733  189473  106630  36900  8478  4845  53536  9167  23217  2254  27890  99421  64840  96201  77774  1.87731e+06  687748  0  103838  46594  276816  67715  11764  17706  95296  42298  
6571  22899  22290  28226  19480  13575  228405  336015  38840  28774  18074  7483  5633  2144  5682  22397  7392  53304  20531  55355  25642  22610  18624  23436  18121  2825  31915  26444  16361  13015  887  12304  223  4976  657320  146398  91296  48967  34003  89355  73082  180518  39884  174809  116731  50516  39006  288915  1.42269e+06  92616  629800  153885  13471  14394  14360  126890  717096  173765  924266  171437  514337  136491  133424  439165  196320  430540  54016  303852  372773  641164  273301  13084  85183  1101  22182  0  1.55762e+06  1.49454e+06  1.07299e+06  183608  2.78557e+06  1.24491e+06  3.64878e+06  
2857  6036  11944  40626  1819  992  24169  31603  3666  7193  5133  752  243  327  692  6101  1690  8557  1929  11135  680  856  1300  2065  1163  165  1642  3008  2036  1847  91  1973  43  486  25780  20158  16545  6000  9715  4619  5184  97837  26733  157536  171337  11248  23067  156533  280628  155607  224031  22604  3482  1448  2990  8445  179045  50744  109160  22729  56006  5918  4483  18994  15320  20333  2015  13351  63215  46641  52137  11645  53905  1379  7577  1.0715e+06  0  233603  165620  530307  151832  65251  180737  
3493  11261  12190  31541  6253  2592  71543  112391  9228  18308  5662  3615  2055  851  1679  4804  2358  10942  4368  11440  1814  2792  3297  5681  2926  357  2712  5231  4417  3723  205  3270  59  1236  59356  49921  37883  14316  19623  11102  8568  350708  38232  208101  189309  41835  19380  235777  963052  149135  657208  90008  13758  10596  10751  31696  752824  126688  567851  173444  114110  21816  16730  124616  36314  125838  12451  72680  159499  291645  122806  16327  83365  1553  72170  471781  413362  0  2.00762e+06  372178  163105  132557  345025  
693  2705  2425  3691  2084  1149  22512  42799  3510  6132  2217  1660  1052  340  579  2072  917  4391  1788  4810  660  725  1229  1800  1152  142  1058  1504  1389  1184  80  1089  25  436  29312  16265  10463  11673  2544  4714  3212  17339  8884  13342  11009  13729  5669  38475  316493  57545  258332  34094  3974  2941  3385  16958  276165  34183  173591  52088  50986  9902  3428  22007  5917  36774  5713  8504  12211  82038  23132  3843  11366  200  10812  244608  102884  1.61443e+06  0  15557  374672  105853  633044  
727  275  2570  14147  82  47  971  2658  169  454  596  995  552  470  1549  202  89  796  299  3323  259  277  204  353  234  27  1464  3262  514  371  5  386  2  57  1995  4113  4019  1399  9020  780  2890  83989  638  26572  72807  458  478  9648  20748  1391  2020  2025  37215  25071  16568  4495  3598  1346  6023  1886  10034  1283  1929  7385  7379  18815  663  25553  82544  15333  14929  162  16023  36  2048  47501  338384  92238  6174  0  10788  50380  6168  
964  691  1862  3442  574  224  2612  9792  793  2678  10277  373  316  1751  2986  3732  3112  25142  4429  29829  15611  10076  6640  16011  7764  3318  9656  5892  3874  3038  189  4809  101  930  120845  5241  9718  7710  4621  74337  8602  13025  1024  2504  18119  1301  823  5719  36254  2839  29258  4738  8069  6398  6900  202223  29272  4099  44102  11472  46963  28277  36078  45690  153272  722305  358718  1.0422e+06  139244  203417  22809  484  6006  62  2542  1.50584e+06  45818  67981  125379  49724  0  1.47654e+06  170877  
424  458  1357  2160  333  238  3164  5879  837  2301  1046  126  145  140  335  886  343  2780  1064  2629  1236  2121  1119  1579  1083  191  2872  2346  753  533  35  516  11  150  27492  4855  3407  3438  6051  7125  6780  14333  605  2086  12679  952  540  4422  21838  2204  7810  1764  1796  1441  1066  21164  9631  4834  42156  13627  16741  9982  20396  87574  24046  212338  26465  793042  324528  53482  16689  615  9370  77  4564  816293  54219  110603  116118  66421  1.36452e+06  0  212525  
7765  15700  39077  20674  13812  14726  80941  630094  23240  920561  285495  1824  2007  4006  18847  331843  39860  323142  93475  209287  24252  24172  89609  83232  50081  15202  94225  84599  39275  36948  2658  27524  839  6521  2.994e+06  951709  376728  1.98364e+06  38658  140660  286822  24854  13130  25766  17458  21338  19871  94920  581396  103529  725957  144366  2838  2572  3719  43562  746726  97550  571576  130487  248162  66140  44163  163798  57730  90458  16881  48848  65990  117341  47449  6864  32929  696  12444  2.32977e+06  315430  1.25368e+06  3.10577e+06  11310  824997  316953  0  
