4045773  
2644221  
716134  
3480746  
4055102  
4198839  
9014523  
13564206  
4501292  
6805327  
2962789  
2285552  
2534191  
3546492  
2771822  
5709689  
7688963  
6562380  
8600105  
8441892  
1295238  
1115024  
4031098  
3374983  
7439843  
2100702  
2114882  
2134570  
8468892  
10093144  
2833870  
9834479  
823439  
6752229  
11062208  
4006063  
6280337  
2047464  
705173  
4753415  
2420231  
5182742  
2389420  
544035  
3023664  
3458593  
4985624  
8423506  
13793936  
5013667  
8052904  
2492031  
2355033  
1694167  
2881367  
2694520  
6310184  
7668383  
6016732  
9081293  
8191547  
1732841  
1071794  
5181602  
3882733  
7560679  
1959496  
1919073  
1593060  
9030969  
10219400  
3496421  
9490378  
898968  
6453626  
10844077  
2791761  
5508091  
2199938  
631573  
3913545  
2241063  
11161815  
