0  1.12812e+06  461003  1.00052e+06  212708  37304  970940  83008  784  5198  3849  76982  2331  2651  1824  10801  43451  26848  14217  19701  8158  10884  56125  64120  19601  5001  12994  570372  44996  165744  22940  732390  877  1.11015e+06  105100  122904  286026  26927  28834  19460  52662  60661  1349  16643  103086  810  85  9517  12611  363  792  780  7820  4239  3061  2470  1840  607  6349  626  6319  1095  860  1197  1565  1579  213  4357  3514  3480  1227  40  1208  24  1124  7364  38522  4165  1357  42152  1792  2188  48231  
1.06867e+06  0  48938  18404  671012  10596  603342  88037  2630  4955  7877  556  277  403  1228  10480  5687  19190  7852  27639  6202  7954  28634  54146  19780  4185  7172  46250  38153  82761  9657  79877  148  23242  400084  482016  175859  38594  19000  36110  25944  8333  12856  6887  4442  10960  160  73975  27582  542  1141  632  339  248  435  1113  1609  524  6586  607  4910  1799  1441  3488  3871  1861  378  2499  3772  3276  1700  54  1306  15  1039  25935  44416  19440  3889  15879  3350  2858  130028  
161917  31436  0  168332  329  36  254858  82176  36  170  210  182  46  59  77  407  193  1061  500  1371  518  807  2744  6908  2485  716  1491  26299  12379  33624  1562  13449  2  1240  6829  39933  27748  1155  3506  1951  4347  9595  697  10981  10009  257  12  5806  3302  30  99  51  204  135  148  182  116  77  844  106  638  207  194  369  567  373  36  2098  1424  1071  366  4  387  6  606  1151  30765  1782  166  8807  322  1000  3279  
1.26363e+06  9256  124503  0  979  88  17233  521093  64  342  890  1.54589e+06  7943  10763  5766  592  214  1545  419  9400  1396  1204  2598  5521  3627  669  13509  153377  13780  50456  1209  63332  11  10214  8420  53881  36992  2241  18694  2773  17374  159606  5960  166772  1.34261e+06  1300  139  53499  119991  188  506  642  94952  24206  17415  11215  525  191  2173  285  13555  1467  1426  3370  5026  2515  249  20067  13781  8672  2848  63  3239  32  5230  7423  234849  14693  1008  117882  2132  8510  6044  
326848  728852  995  1970  0  1.01429e+06  1.09584e+06  213083  136767  68657  8478  287  172  273  1367  19705  66180  39959  98000  33565  7105  8350  37429  31903  13649  2517  5648  21954  16330  32293  12624  57721  752  529235  679022  529784  220607  91615  6918  31269  23505  708  2829  404  462  24713  1463  62333  47515  8984  3529  831  161  152  221  1074  1999  351  5148  596  4558  1404  913  2634  1620  1116  340  778  1169  1434  1043  52  761  9  385  34977  12211  10301  7892  1551  2782  1879  310748  
83834  62026  331  582  1.00638e+06  0  467616  494771  697431  1.80297e+06  5653  104  54  119  517  65002  178868  37950  132061  10303  2090  2253  14357  8082  4765  735  1282  8098  12821  41782  30795  142795  3837  1.0421e+06  93014  44519  138743  63218  1834  3453  3827  239  158  107  116  4629  3084  32067  138747  30121  52537  948  47  61  125  467  1857  243  3926  2461  2406  362  214  836  327  425  84  362  689  930  632  48  838  6  1233  17181  2072  8570  5929  166  1429  793  87963  
693686  811506  334544  42853  2.05381e+06  652573  0  1.9386e+06  1.49508e+06  356869  9027  779  416  607  1822  13571  5829  33893  112187  39679  7022  6406  65407  42826  35353  4148  6884  39309  74259  81486  6557  19193  60  5033  649957  692718  173013  63769  18093  35549  28884  12384  20612  10180  7222  135037  8511  373552  182034  39540  9037  1348  599  497  718  2326  2930  648  9236  1770  7638  2919  2603  9254  6670  3106  637  4249  6202  5238  4397  149  2802  19  2056  107311  85657  49468  17853  20826  6660  6044  325044  
52204  113601  120732  494204  277114  118666  2.07301e+06  0  1.80834e+06  478949  509569  1.11648e+06  1.21722e+06  645829  184401  22447  6317  70925  26394  616149  78138  36254  30180  71911  14930  8510  11397  38974  15868  29692  6947  22680  171  26482  696606  525936  433111  231367  27852  36258  30801  42069  34687  49232  118048  302625  41527  876281  2.45936e+06  383837  192106  22390  223095  130228  54111  53204  13660  2069  26593  10322  125235  7168  5888  22699  15918  8628  1863  11016  15970  13609  13079  516  13648  114  14913  312912  180427  164401  63284  33254  22164  15041  536601  
2385  6029  423  409  138468  844393  875991  1.62304e+06  0  1.63143e+06  2337  61  31  51  147  7792  6704  23076  172885  3550  634  585  18817  1906  5437  373  1311  4520  13557  10559  3414  4910  76  10745  132272  39670  114635  67298  2252  2522  5508  315  235  138  84  7001  11384  153262  202235  139352  48504  969  8  111  126  933  1798  164  3209  2684  1838  238  196  1159  347  455  95  506  1034  957  1094  54  1408  6  1804  19852  3471  12765  8174  175  1931  1064  113923  
24687  12063  1109  1590  102092  1.60725e+06  130317  589585  1.38106e+06  0  173555  472  223  604  836  2.28591e+06  250870  93961  202859  30748  2675  1940  19455  8143  8433  1225  3742  22743  30566  99720  69195  413067  55876  694232  253442  280963  584403  428183  14751  9879  10575  721  627  206  373  3879  2681  9376  315400  32445  489058  30853  134  131  1487  1129  27289  841  11817  8446  5882  620  442  2178  749  1708  394  1434  2605  2237  1314  86  2436  23  3612  44081  24852  39699  21729  808  9653  2723  368685  
1456  1387  388  1553  2977  415  2520  642572  1514  430882  0  6930  26317  1.22333e+06  24487  87518  1916  91521  818  1.34314e+06  14631  3936  1491  4240  2189  954  1266  2727  3649  4963  1341  6057  201  2302  39077  19682  21367  18494  1210  8019  2740  1770  772  762  2657  6272  1360  18312  261671  9673  317970  186708  4867  10054  73415  18699  89129  6738  32173  2488  109551  1019  586  2128  1229  6492  773  2244  3402  8311  4510  451  5690  88  2786  60343  25527  32363  16733  735  16401  3120  63566  
157593  4202  4371  631058  2348  89  6520  1.13374e+06  294  437  13231  0  315686  206562  78885  568  140  1886  160  117814  13609  6826  728  12199  2039  1314  8791  31498  1234  2323  233  3572  7  1415  6809  9107  9796  3317  9202  2763  3210  37157  2952  33739  425930  2794  208  23784  134606  961  2337  3387  736639  45895  32600  22557  1112  220  2678  258  33290  847  695  1611  2104  1003  230  3643  3031  2318  1374  41  1174  11  1328  8875  32430  10922  2869  12668  1358  1770  7510  
29398  4952  2253  23265  6717  298  8972  853468  1331  1286  41066  433212  0  659618  195449  1332  370  5177  385  313362  42520  19988  1437  29570  2810  3600  7448  19423  1679  2215  429  2250  23  1468  13723  5189  13665  6960  7327  7243  3315  24902  1538  7326  112949  3955  536  16495  203656  3179  5815  15780  332811  654835  119964  65249  2929  556  6364  528  117677  1352  783  1367  2005  1704  559  1572  1910  2435  1556  65  1213  13  784  12569  7065  8362  3229  5726  2533  1008  12599  
36307  2893  4910  36026  3361  295  5284  765850  1765  6146  1.29108e+06  273771  663988  0  433140  22838  1293  51907  739  1.05731e+06  80570  29327  1937  31476  4294  5926  8188  18754  3460  4722  1125  4908  100  1860  21740  7310  14622  8257  7628  13724  4685  32505  1026  14840  107911  6298  1367  23289  229362  6895  57506  96114  97554  211030  880462  187562  36916  3468  26339  1933  256892  2399  1282  2713  2949  5998  1275  3853  3278  7586  3955  268  3717  68  1852  40843  19914  19291  9195  6581  11646  2958  34368  
14960  3564  3468  25970  4649  327  5565  224477  918  1190  32866  102887  176985  575356  0  5619  1930  44637  1721  1.76913e+06  203037  133910  6328  580823  20991  103919  37221  10248  7290  8847  2090  7669  182  2726  37151  5227  20548  10430  3377  95932  5726  27454  791  9955  68063  2254  347  7903  64446  1289  5208  16555  38588  86269  227886  524307  15798  3387  50338  3538  189295  5891  3639  7329  5033  8575  2201  3778  2517  9677  4712  245  2907  54  947  29414  11460  9028  6370  3706  12471  2643  29058  
48092  16598  1151  1786  80173  133244  14452  51790  34233  2.12883e+06  148337  503  297  4163  1925  0  2.31469e+06  853989  406840  120898  4356  1975  32204  7067  14388  1749  3643  32906  80779  161494  98658  477768  161442  684615  152924  38290  510467  254951  10438  13263  7024  445  304  254  422  1420  378  4436  16743  2408  30958  9437  162  209  1612  2151  35491  4267  19762  1514  12060  676  453  1431  747  4301  454  1257  1854  4801  2745  333  3025  66  797  19427  4917  7072  7014  830  8952  2127  223838  
89013  38110  1919  2379  184133  144303  23425  81790  24785  145096  60371  558  591  2681  16378  2.55473e+06  0  908324  1.73724e+06  347024  22112  4099  35560  10192  39004  6747  8884  37750  209279  892404  1.08506e+06  2.38267e+06  445691  649611  92894  18869  463210  119341  5130  32354  9298  581  521  479  621  3389  707  13079  20125  3753  6481  13277  223  357  2212  7512  44198  5368  43885  2803  34442  1362  848  2671  1268  5535  1135  1885  1757  7726  4683  415  4060  106  858  33959  5307  8740  7424  657  9360  2540  89031  
13457  13020  2888  3880  55352  36105  21974  102201  101699  152951  89154  759  547  5480  6520  789528  508451  0  3.24829e+06  634026  150047  42603  908809  46743  118320  38754  16744  54205  155598  160563  37096  123993  3485  52173  215839  28664  271901  124429  7797  115898  40201  1416  1578  1651  1236  2262  680  8103  25005  6434  31396  5970  417  377  2678  10227  28772  12136  110845  14942  82324  22910  18173  37447  18176  31018  4351  5522  6643  36331  14777  741  8742  131  1931  83311  6780  20642  12815  1735  32100  7663  188156  
10987  14715  2096  2287  150438  102867  162492  91613  411612  125360  4802  335  160  291  8899  119759  1.53304e+06  3.13192e+06  0  101285  21708  5984  1.66622e+06  17460  484156  47686  28938  36285  1.19324e+06  1.92686e+06  759773  120381  1566  32512  103527  26923  201542  138506  5275  61540  21024  473  557  397  455  1993  1304  15657  48610  14950  67382  4780  116  97  529  2501  6608  1895  21809  3131  17497  2639  1531  4926  1891  5609  752  1270  1662  7295  3625  162  2675  49  964  22314  5510  10494  7646  453  6520  2442  123714  
15958  14551  5178  15283  24912  2749  16158  478692  3724  28954  1.32335e+06  48286  178353  486585  1.75582e+06  168767  14809  1.0256e+06  23464  0  2.24301e+06  1.32659e+06  97457  1.34868e+06  127349  184164  114931  60427  155638  128089  21850  77955  1601  23259  415571  32432  195398  102877  7351  540933  50365  12174  8258  10887  21731  14532  2843  40903  150162  15564  61579  92934  26444  29744  122469  305685  193568  53667  524018  64242  1.56729e+06  136039  96840  183288  107004  167840  32456  35018  31119  188987  77425  3630  48905  823  9533  406294  39891  116332  68507  5506  174530  36268  281603  
1400  2112  497  795  4478  311  1421  12230  130  361  678  529  2117  1604  61656  570  533  165762  2063  838084  0  796983  70702  336858  20179  47096  16371  9894  10345  10919  1168  8437  53  1796  65388  2434  29331  8455  855  94446  9857  573  737  654  484  981  110  2586  4881  294  344  531  368  351  1012  9105  1087  643  26586  2677  65607  165348  100972  27425  67600  15081  4603  3407  2739  11855  4412  151  3457  60  658  44898  1531  10945  4493  417  19402  3608  16470  
1813  3472  693  817  7146  318  1709  9529  86  250  345  391  1041  1034  40852  364  213  45601  807  225332  629396  0  100865  794929  12349  42627  10242  14395  9118  11697  732  9036  21  1046  39355  2251  37428  7660  847  51287  12419  298  348  317  327  473  35  1452  2594  127  167  224  196  155  514  3774  363  204  23832  826  27691  118178  115212  35557  76130  4640  1754  1320  1076  3572  1558  56  1393  17  300  20713  756  4933  1645  265  8235  1580  9343  
15087  15302  2410  4293  42431  5441  15650  37955  30136  6279  1912  720  167  301  2539  4090  7033  778789  1.35424e+06  37992  81999  155423  0  500531  654310  81164  29225  65534  1.17924e+06  915188  40148  151293  372  32084  211760  21088  271087  105985  7345  92464  80036  615  789  589  829  1249  290  5503  8513  1827  5109  562  267  126  220  9863  1190  555  57378  5140  111605  58528  44239  95279  36550  23858  5963  4379  3061  14950  5843  331  2929  34  595  95895  1893  9115  3894  789  22264  3782  106009  
7825  16606  4551  3977  22652  1127  10897  32234  256  875  884  1894  3437  6571  520578  969  875  70326  6276  561252  357758  946722  543543  0  1.58751e+06  908818  74860  71758  87178  77457  3036  38547  65  4238  98519  8831  140418  29648  3687  257287  42351  590  709  600  1319  849  82  4196  6474  339  456  778  727  410  1316  7760  1370  375  13447  1339  34983  45902  34491  48721  152899  9261  3762  2451  1513  5020  1880  94  1505  19  330  28967  1745  5154  2154  566  16391  1960  45611  
4247  8286  2725  3103  9447  743  8399  11159  3688  1511  1288  459  203  414  11529  3288  1396  35532  71774  28731  23817  26417  988465  1.65216e+06  0  1.83666e+06  1.14741e+06  157945  2.95846e+06  79126  3808  25503  44  3536  227707  32721  83660  32829  9166  644701  274777  324  386  242  466  508  83  2492  3036  400  1078  949  146  82  290  1357  2923  669  11420  1506  13608  4449  2791  6448  7217  7100  1355  1240  958  4245  1746  97  1382  38  314  14955  1360  4126  3007  443  6857  1910  86068  
950  2327  1045  750  1377  92  1994  2687  134  206  123  83  98  320  28501  229  180  16040  13024  25433  38449  39995  146800  534442  1.46759e+06  0  425268  21639  47521  25930  734  6973  25  810  21898  2155  21867  3131  1260  408711  32591  81  117  84  88  119  14  641  821  44  186  364  28  37  134  516  725  132  2871  364  4296  3402  2124  1740  2408  2191  904  585  309  1008  384  17  331  10  84  7142  376  967  576  127  4475  464  12252  
7915  836  592  3869  966  120  794  3139  155  944  1427  1309  474  812  16684  1120  309  6626  1612  16147  8795  6757  15444  22755  1.0642e+06  492299  0  167730  8596  3665  288  2083  22  3562  140688  41522  32977  35849  28665  471694  456734  2286  44  146  1752  114  26  365  866  93  669  1014  484  384  404  835  2625  284  5003  222  4297  1025  866  545  1002  878  599  715  643  762  410  36  389  12  142  6871  1879  904  923  3697  3490  888  47372  
361322  15928  43506  144469  16733  3344  22186  54632  630  5555  2904  7565  2023  2462  1471  8637  4509  14551  4945  11720  6501  8990  33770  39338  154216  7669  190225  0  168730  305795  3769  408385  225  127215  102511  71300  304800  70117  85823  62769  386814  64977  638  5393  37104  633  73  4761  5679  338  1068  522  2814  2375  1380  1229  1459  433  4469  393  3842  828  667  899  1111  1383  276  5318  5027  3706  971  35  1287  13  1330  5433  39349  2883  975  72023  1946  2472  61124  
4418  6704  4452  4022  8172  2468  18889  10636  21632  3570  2735  329  170  309  2506  20604  18094  70148  398735  49651  12586  11165  1.21963e+06  73272  2.83904e+06  32963  28487  394638  0  3.58033e+06  47435  34254  108  5606  55581  11695  89176  37210  6826  109177  34762  566  657  623  572  835  213  3872  5132  1385  1952  571  95  104  391  2918  2009  1968  30615  3525  27835  6691  3227  12054  3276  8964  939  1365  1606  9994  4775  196  2898  76  559  20823  2149  7509  5061  546  7162  2522  47489  
64871  64107  38491  37533  60314  13578  51471  71048  18774  8497  64667  825  712  3389  16840  96833  523639  334079  1.09846e+06  273777  61930  42122  767919  142334  148787  31572  18308  584901  3.75384e+06  0  2.06684e+06  3.45586e+06  1866  57943  111003  29808  321316  113062  10355  98548  43404  1967  1984  2629  3330  3024  630  14363  18203  3262  5653  10630  369  357  2514  10024  40977  7780  79053  6848  60626  6696  4369  8605  5248  13720  1973  3351  3659  19789  10559  568  7647  158  1548  59422  9567  18215  13108  1974  18425  5548  105736  
6616  4827  724  896  17785  10374  3828  31702  4202  3594  23541  154  144  771  3921  38801  934662  53727  566232  67052  7417  1792  45567  4368  14156  2654  2488  9640  102483  1.89848e+06  0  1.07799e+06  1527  14128  24371  5006  116959  69555  2067  8134  2226  164  145  147  156  992  269  5251  6810  1723  1664  3845  55  79  541  1731  12194  1397  11534  761  9072  476  303  718  430  1455  254  454  516  2106  1320  115  1161  21  269  9936  1529  2590  2261  173  2632  819  30144  
610987  141360  48655  128470  154730  118911  36847  141720  4849  198430  156945  2424  1371  8049  34465  504737  1.81684e+06  746759  161317  536833  116883  41601  613117  131463  90805  42020  33695  674454  110268  4.97998e+06  1.06664e+06  0  653966  1.67376e+06  188131  72088  1.11469e+06  144346  14481  92159  60861  7976  1726  4833  16448  5395  908  20229  28787  4064  11324  30142  823  770  4780  13798  111736  10715  88258  5316  80821  6998  4892  8465  5665  12177  2282  4451  4408  16849  10376  869  9518  225  2127  81487  19708  21410  15529  8158  19423  6254  160035  
9977  3574  153  269  14187  7426  420  5427  245  24172  6828  46  26  271  1189  98468  278907  29114  5619  25269  3258  423  5628  948  1672  1059  1094  5304  1739  12824  7696  633981  0  315238  3312  1119  97242  7368  525  2384  928  44  37  39  68  242  48  737  1164  146  649  1762  19  19  142  414  5453  410  2277  129  2456  166  90  287  118  441  77  135  166  524  306  27  373  8  80  3125  670  752  587  61  635  214  5057  
1.11046e+06  171551  6266  22954  931227  1.70218e+06  8155  117530  7498  801336  33848  1673  718  1765  5217  1.10748e+06  1.48819e+06  200135  91342  127207  14618  5851  68745  21709  14946  5852  11784  196142  23586  155820  76828  2.08592e+06  619875  0  58799  30402  1.44508e+06  33389  14213  15854  27425  3313  390  895  4980  2878  508  11308  18528  2691  5649  7916  783  757  1043  2240  22070  1812  12356  976  11861  1043  758  1579  941  2280  376  948  1091  2859  1582  120  1636  44  513  16975  5261  4606  3325  3523  3468  1211  44113  
34563  227077  27746  60030  232757  12474  211571  1.23425e+06  52411  557365  279769  11905  3256  6270  39795  381608  14205  542239  41910  650657  105090  62948  274604  145325  437900  56380  392752  307030  185097  134266  11996  56026  214  12810  0  3.51319e+06  408196  452278  257755  2.0757e+06  1.18538e+06  4405  6748  2868  10141  36388  2994  124723  196790  18782  37862  15507  3610  2318  3975  15084  30886  4250  69098  5123  67817  26819  21194  23286  24417  20312  19871  19174  15363  14883  8111  427  7065  113  2585  418602  35994  45070  47159  10340  117580  45367  4.55816e+06  
21658  138411  20296  15294  77611  4800  131491  169105  6047  71697  62754  1784  610  1215  2733  46263  2452  61843  4206  113293  10824  5731  31892  20487  83955  5195  63513  72986  38044  27821  2039  10337  46  2804  2.46856e+06  0  290621  320347  618330  268091  165121  3492  2911  1516  2631  5720  284  23140  24936  1527  19770  7898  553  386  1170  1873  6976  720  8916  766  8970  1827  1211  3077  1978  2009  693  2067  3868  3046  1276  69  1375  20  705  38083  21144  11171  10419  21715  5892  4614  889704  
97965  128809  29779  29204  257579  36113  73989  929490  48252  642440  179919  8144  3803  5852  14125  352807  73167  272358  106840  242246  39568  24021  159485  99838  58790  20101  43200  202871  81103  111642  26327  191436  4816  235558  239950  945266  0  1.81983e+06  493723  66512  165577  3968  3609  1967  4492  11664  1677  46461  159735  11716  96345  27592  1443  1668  3110  4117  26407  2545  21501  2625  21622  2971  2227  4262  3240  4665  992  2419  4013  6439  3509  206  3496  59  2194  50991  23027  25961  14950  13397  9733  4939  217054  
4634  29912  3191  3726  47623  5198  18236  241359  8901  344377  63161  1076  590  1664  7261  173398  14893  134381  72452  133694  18843  4313  71451  8629  16755  6039  9703  18340  30738  26848  6669  11553  234  3967  101930  262468  1.51638e+06  0  25713  16621  61247  597  1066  313  1007  3681  442  12350  34428  2935  20193  7029  280  309  919  2092  15088  1309  10867  1015  12414  1275  796  2207  1270  2304  463  847  1066  3017  1848  124  1581  36  537  22767  7347  11726  31734  1032  10048  4760  737532  
18074  14920  20057  31305  3085  155  17945  27028  217  7458  4244  5309  1750  2283  1317  4298  357  5909  747  8376  1441  990  5697  5987  11688  1900  19347  56479  11340  8898  419  2335  14  1313  115266  499580  262073  14312  0  20443  50456  2984  246  1259  3606  582  23  1965  2980  121  1749  551  628  403  369  509  591  108  1105  102  1147  228  232  411  364  694  301  1103  2385  1272  290  9  457  11  362  3345  9635  2403  545  17069  1553  1977  28598  
1962  2558  1061  8687  1960  192  3073  6085  284  1584  3790  2418  915  3396  50919  3233  895  43047  4076  102903  72906  49226  40879  103913  665136  484904  1.25029e+06  86336  176951  56867  1235  10401  82  2964  1.18321e+06  69969  33703  11194  19063  0  1.46618e+06  1032  469  539  1859  661  215  2152  3655  970  2779  4183  997  483  2097  11657  16037  4123  51685  3584  53132  22888  26831  7344  27293  11827  13765  9094  7800  9525  4544  303  3387  45  1448  92405  2845  7258  5323  2884  78319  8079  53402  
3515  1836  552  13630  1826  184  1832  8571  458  4064  5297  3224  396  644  2380  3980  374  14843  1502  13079  5209  5188  36306  11962  234148  35092  821355  262050  22901  6434  396  3322  12  2939  838146  175139  80612  116537  82687  792659  0  232  68  100  2063  276  37  940  1616  172  1275  615  732  135  249  737  1878  279  3762  261  3149  1156  1018  806  1183  1103  967  957  818  842  374  25  310  3  103  11294  976  1415  2802  772  6454  3515  194828  
15996  15455  18826  43359  4444  84  27533  37596  530  1645  2195  4256  2596  1463  816  1801  289  3015  379  10078  2623  2847  1598  7064  1232  295  1050  8043  1437  2531  426  2849  21  432  11713  12555  9037  4022  1797  1876  1128  0  1.30923e+06  162578  968881  388238  14815  652621  79912  3968  11624  3038  18482  22163  18498  18159  10560  4593  24149  5772  34526  15283  15272  51388  57497  16397  2743  92801  195681  58032  90091  4379  362176  730  1.11657e+06  224729  294920  263105  65347  44365  30653  59799  70048  
3988  41285  10620  11254  14963  62  69097  52656  533  1085  1203  354  107  137  229  1169  185  2263  358  4255  1907  2630  1986  7903  1383  354  324  1219  1725  2668  473  971  22  259  16781  15818  12080  3759  583  2098  1101  1.0843e+06  0  7882  2357  646924  6004  432344  35503  6036  4772  1189  339  253  1667  5543  5129  1588  16429  3506  12655  11217  11480  40632  42125  7975  1606  6123  13155  20617  35569  1061  74352  112  24250  171021  245278  195312  42132  7604  15408  8497  49198  
9004  8521  34948  60446  484  11  14835  31594  43  87  125  742  111  202  172  117  64  807  86  1435  710  600  386  1556  262  76  225  2540  689  1744  143  1294  4  197  1744  5054  2175  425  485  384  428  122973  1706  0  111862  1253  275  299013  48485  196  395  150  478  370  708  1351  417  201  4207  848  3624  4817  5111  11498  20453  7165  689  25725  17672  25184  11611  117  7936  40  17894  12692  45165  25861  1117  18958  4196  8999  5649  
134217  18712  55956  1.15041e+06  997  44  29442  138227  109  267  1195  469796  29103  12545  5085  305  88  839  143  14076  1497  974  776  2512  1706  230  9239  61271  2398  8502  298  16759  11  3266  4194  21271  10613  1123  9526  1009  4388  1.0321e+06  2868  238786  0  1562  222  29910  425966  330  797  2982  1.11542e+06  74143  25622  15206  765  239  2335  381  35252  1732  1614  4151  6375  3565  451  46693  22632  12946  4469  74  4418  54  11640  11046  176501  14379  1427  65131  3529  18617  5178  
594  14180  539  708  49208  2116  112025  125187  14385  3756  2915  109  126  106  274  2455  385  2700  557  6253  1259  1664  1516  3587  910  207  441  993  835  1346  356  1070  23  709  42607  21844  10409  7580  764  2314  1747  475596  744501  1846  668  0  795464  986046  129870  20006  29164  2995  225  579  913  7341  18810  8567  20530  7241  17934  5904  4947  34042  14934  7552  1786  16565  42791  41269  126820  13661  161080  722  411055  281508  145031  194113  74553  1874  14935  14579  95700  
200  1233  121  330  3064  3274  8668  83377  45557  16577  4191  53  98  167  199  2759  352  2040  840  5890  607  655  840  1011  346  96  152  411  440  749  236  832  28  497  8846  2654  5280  3563  198  693  519  129512  51409  1242  439  1.38986e+06  0  862562  392114  523564  1.73533e+06  3663  123  1274  964  12685  33318  60426  21132  43293  18171  3035  1960  22965  5008  10885  1444  10366  25986  114682  231410  50073  232250  3282  972016  145249  183784  97060  31492  909  11890  10988  57986  
12303  152169  36648  42472  163744  18328  574932  553001  128771  9097  3580  1134  583  498  837  3451  1345  7277  2714  12563  3658  4408  8268  18084  5462  1183  1870  6097  6374  9390  1737  3704  36  3053  183637  106546  67165  27228  3100  9780  7306  407530  328854  173797  7057  1.38378e+06  997495  0  2.16772e+06  807022  138606  2037  910  1326  4625  10284  11866  2636  24736  26256  20846  13816  13773  53020  47676  14376  1949  10133  17453  105777  78737  5456  27445  121  23027  189672  213441  220511  34108  13297  13877  9408  133591  
28784  139347  64381  138694  157215  46376  461275  2.58582e+06  571052  434395  124128  37814  63540  36729  26452  13225  3740  22044  14161  200381  18929  14828  14524  32272  8212  2638  3747  13145  10316  16236  3564  10046  127  9634  281979  134860  144610  80801  7181  14629  11862  62137  42060  123396  579016  210108  87184  1.81003e+06  0  1.7953e+06  613189  770500  1.6417e+06  1.08494e+06  913821  394950  34283  5074  88702  53917  726802  19629  17594  79262  63977  13705  5096  27475  40548  30157  59982  1943  70549  543  75292  322642  196511  504604  153852  18357  38064  21338  311732  
275  1011  97  204  6196  9744  22301  118667  133976  35639  2515  46  30  63  106  1278  406  3613  2088  3025  326  294  1086  582  492  92  297  768  1018  1285  365  1097  21  893  13864  3916  9313  5961  321  1233  949  2517  3400  612  170  33919  395765  1.13627e+06  2.02012e+06  0  1.77471e+06  702  51  98  367  1622  11922  5080  35101  111202  5922  734  494  12534  1325  4550  335  3006  7547  38145  19349  2397  13122  125  18702  77860  140241  83383  48177  558  8681  4027  54807  
835  1711  275  584  3888  6823  5980  166102  46656  396887  71512  170  134  281  230  11657  798  7483  5120  13823  809  572  2689  1557  1187  263  867  2072  1302  2100  580  2285  42  1753  55335  45039  33775  32777  2257  2538  2900  23150  7567  1395  852  70317  1.33064e+06  153363  937057  1.3185e+06  0  124659  271  264  2979  8362  2.20398e+06  131636  92248  95247  20424  2827  1188  11395  2554  7240  2167  14073  60526  37092  91495  33021  500839  116120  821867  236426  533230  370425  260714  3625  105990  31750  285314  
1437  1264  443  1337  3233  842  2055  39744  6186  287347  222599  666  1486  7249  1828  88163  5281  23071  2885  118772  2190  808  2306  1600  1487  422  1044  3226  2674  7108  2632  10313  371  4185  88929  54560  38217  35414  2248  4773  3583  1253  347  1191  3273  1487  302  3249  660552  1073  223539  0  8182  25793  724431  9008  183322  1466  74028  620  752265  614  306  1009  747  2989  493  1353  1969  3459  2423  166  2080  29  846  26690  10828  8995  7733  847  7727  2360  82755  
48380  5605  10271  230115  3614  155  11569  276175  455  544  6079  994827  219662  80317  35450  620  208  1941  219  84617  7802  4556  887  7216  1703  739  7413  28816  1197  2349  286  3693  11  1653  15696  11923  10082  4404  6530  1914  1820  63974  5394  33349  897502  3831  193  29646  995003  833  1276  7929  0  360383  104030  93836  1078  247  3492  392  174383  1767  1210  2538  4721  1929  722  5884  9400  4874  2714  56  2654  13  2409  13283  36593  21630  6440  38096  2680  2612  14544  
15234  2405  3811  26310  3180  396  6696  178611  3933  2303  17911  94962  562825  165135  44042  1224  292  3239  409  142995  14330  7482  890  9854  1336  1207  3755  12592  1063  1501  317  2055  18  1191  12084  4462  7170  3549  2577  2788  1162  58706  1194  5806  182312  2337  369  13158  923884  3989  2819  41734  530109  0  421598  200736  2510  372  5792  508  333524  1793  884  1154  3710  2159  1186  2799  6297  3482  1332  52  1544  13  1007  7831  8396  6172  2350  15876  3447  1216  9695  
12143  3341  11139  40435  2377  632  6675  114611  5729  69465  123597  44949  121084  741751  105428  30286  2499  31031  1746  291671  22314  10088  2237  10885  2787  3025  3202  6948  4075  7435  2097  7859  223  2429  36304  14504  18767  14265  1802  9978  3106  67810  867  11519  96482  2063  361  7633  905121  1537  24830  1.12217e+06  135658  526657  0  568213  30647  2128  34346  1884  1.13921e+06  3680  1523  2063  5067  6684  2372  5129  3862  8640  3939  148  2545  30  1313  16819  17209  10365  4281  4682  12501  2686  30645  
7369  3445  9476  31347  3058  491  6859  75593  5683  2234  26276  21678  26044  114110  404629  18788  2785  36337  2361  333543  27975  16068  8119  16823  4446  3343  3059  6087  6504  9885  2712  9390  238  2821  34792  6003  18806  11847  1313  18099  4047  42608  2232  12049  54822  4206  1150  13952  215805  1313  2829  19593  66931  167282  602687  0  6976  6660  117297  11151  1.73496e+06  71488  94148  15483  607465  48888  140884  47157  11984  21717  14286  785  12408  413  3593  109932  17166  37500  25808  3399  197090  19366  61129  
1259  2153  537  1099  3635  555  3976  12815  2107  48903  71130  169  195  763  462  78179  10991  16918  1289  68568  1609  632  2196  1269  2043  345  1129  2856  3226  11208  5284  15194  616  5099  51996  13793  24322  21350  1170  6874  3417  18445  7676  2505  1506  54186  26723  28670  79442  44047  1.94354e+06  85590  315  299  3524  6746  0  2.31574e+06  804598  119105  49539  2299  950  8460  2214  7781  2510  16071  87266  36493  40615  9906  772094  447450  556677  243329  155032  675788  389522  4503  117210  37924  383403  
1274  2362  786  1559  3831  571  5007  12668  2332  9077  36593  244  389  1142  2179  61927  7495  39357  1911  76607  2908  1233  3077  2021  2445  582  1204  3524  5127  12007  4639  14363  473  4358  47082  8178  22731  18134  997  8598  4069  22910  12898  3546  1756  120591  149617  54437  74370  66629  199379  8727  512  555  4066  64951  2.4289e+06  0  1.08578e+06  1.70969e+06  168859  6127  2771  34690  7154  34300  9323  18515  67621  183447  554143  545900  1.86831e+06  483731  422208  261847  43109  424148  189854  4344  87724  24249  260497  
4482  5770  1938  3520  10675  1610  7009  24454  4274  21392  30295  501  513  1290  4069  74156  17451  180728  17770  166175  24192  12614  52824  15242  20581  5110  7090  20630  43513  62719  17716  53105  1393  14662  166160  18622  96059  60871  3471  57348  22318  7948  8562  7304  3173  17253  7650  29550  117979  67105  168787  32889  854  615  6064  49809  1.01709e+06  1.04068e+06  0  3.4405e+06  1.29065e+06  138109  27311  876540  56476  92040  16873  20745  30955  136939  79354  5356  92951  816  22423  163901  23587  212391  87076  4255  88604  40893  185078  
943  2041  646  1289  3283  902  4680  15327  6723  9490  4445  118  123  201  966  5858  2003  29598  3631  31130  6784  2798  17767  3330  6387  1754  1515  3454  7573  9751  2514  8022  189  2423  29148  3974  17059  10203  571  9020  3870  6559  6921  3761  1510  49052  83325  144476  65113  291954  165821  1488  375  281  1547  44133  22205  1.95986e+06  2.61159e+06  0  368006  14858  5889  1.87296e+06  17792  258283  18156  25182  27403  1.47122e+06  1.83074e+06  1.17602e+06  223034  684  26541  72592  21722  145629  44250  2138  50080  22842  65042  
11145  11830  7427  20288  22867  3322  13892  97674  10695  24744  122872  7180  13675  45698  62158  158111  25640  388057  36348  1.70772e+06  198765  93704  234574  86217  66739  26305  20163  40094  84802  114490  29532  105735  2679  31208  369019  35915  193902  113493  6638  247573  41428  22834  11961  21490  38656  14375  2139  38219  367416  5304  21283  828382  96514  82693  826304  2.46395e+06  68304  22243  1.19452e+06  116674  0  2.08125e+06  1.22285e+06  175533  1.09869e+06  296946  199284  144102  49737  241141  98484  3535  64121  842  11148  319835  29383  158981  74634  5655  431897  50423  267509  
580  893  337  700  1558  148  1054  2560  114  242  346  66  120  140  1424  525  288  29688  2437  45393  165669  132997  73404  84808  9890  6943  3515  2407  4793  5173  771  4074  54  1209  72755  1082  9352  3652  261  76600  2537  1523  2037  2171  897  1792  126  5388  7135  150  334  136  256  129  551  68298  389  344  277554  5778  1.12718e+06  0  619310  98656  388320  39065  30641  20812  7720  20387  8546  246  8400  43  1569  75890  3026  28733  8790  881  75691  9819  19258  
346  673  346  688  744  48  1012  1721  75  90  239  47  62  78  731  349  109  13451  705  20155  82486  132343  38081  80348  3660  4305  2408  937  1540  1810  293  1511  14  445  56422  642  3693  1346  116  73909  1164  1670  2200  2499  982  1403  78  6037  6720  64  156  70  275  150  568  146329  177  155  46153  1669  533596  549657  0  97490  692112  39766  60091  33439  8840  12433  7914  100  7282  23  1134  57377  2511  24874  2135  867  106354  6873  8958  
1720  3699  1248  2368  5192  537  6155  11392  1822  3461  3382  184  158  255  2463  3001  1122  90002  7904  85929  77127  63290  234429  69015  29249  12316  6080  5623  15151  14644  2357  11547  156  3778  130701  4648  25533  11194  727  50939  5979  9174  12026  7087  2993  27008  33639  83951  49766  49614  14748  994  759  418  1790  40627  4878  15328  691128  1.7356e+06  316836  120990  147104  0  374838  645548  27131  33984  39894  1.25029e+06  1.29215e+06  171180  94106  186  16961  247544  22467  219264  48463  4186  70819  48804  92574  
986  2115  1499  3384  1600  95  3800  5964  179  272  611  183  201  209  1236  815  284  14352  1336  26526  46300  87857  33429  180177  6181  5279  2841  1478  2656  3107  536  2695  42  850  64745  1983  6378  2842  272  63815  1700  7989  9713  14089  5182  5273  374  28012  28642  278  648  250  1424  725  2642  910866  700  701  88180  8096  776269  386777  805726  701016  0  1.82141e+06  782127  109899  60962  110936  43989  416  35945  106  4067  109795  10446  91580  9728  4177  320347  39460  47695  
1246  1772  954  2138  2707  360  2560  6190  723  1739  3795  145  115  244  1343  5271  1830  27698  3887  36694  14374  7392  25681  13800  10449  4086  2133  3282  6689  9451  2475  9690  256  3368  42698  3245  18589  9838  644  18044  3896  5230  5074  7279  2885  6949  9136  31888  20372  10930  4698  1140  709  417  2134  88369  3071  2427  70948  102897  104617  50786  46665  988875  1.74342e+06  0  1.85452e+06  1.40659e+06  362375  3.19195e+06  90914  4443  31884  85  4427  196118  20946  72585  22063  5643  677123  149748  81770  
121  167  114  260  241  39  256  964  182  142  641  21  25  55  170  1185  227  3136  354  4833  2709  1377  3303  2258  1037  717  428  283  618  879  201  932  17  285  10390  384  1654  984  64  6155  407  693  414  744  344  546  281  1783  3440  351  240  97  93  98  273  69577  247  263  9876  7815  30076  19300  20436  71925  383951  1.79069e+06  0  1.03856e+06  48313  35193  5453  355  3121  29  660  29288  2417  8229  2356  840  376070  61090  17154  
835  871  1155  3023  784  119  1470  5184  918  690  3968  307  190  348  802  6826  829  10724  711  18566  4684  2791  4440  4136  1717  1724  1396  1219  1672  2692  782  2708  75  842  34509  1748  5301  4120  407  19567  1291  49346  1328  10272  5913  4335  932  8222  19863  688  2441  420  970  1032  1649  183810  2139  1203  17820  6005  81071  28528  36393  26754  96162  1.22075e+06  989477  0  271958  39776  7953  407  8044  381  38227  153812  23460  25085  9563  7728  752486  377878  47561  
2474  3596  4260  11130  2166  72  6700  11332  462  1774  1846  947  764  499  445  2094  281  3010  299  6254  2536  3189  1758  5144  994  512  870  1908  720  1191  250  1078  28  305  15908  5084  4037  3819  1306  5312  1356  197972  25502  43202  20763  31545  2258  49966  55691  1447  10925  1646  4104  3371  5787  17257  10964  4649  40268  4600  31523  16765  11993  65585  31314  231911  14519  353850  0  523251  284173  894  479551  1690  152975  419854  118811  176756  58148  44936  293745  914489  181511  
2017  2980  1330  3063  4684  674  4435  11650  2190  4648  8226  271  256  456  2883  9238  3814  48392  6060  71385  13963  9130  21695  12463  10671  2674  2204  5369  10533  16211  4610  17134  507  5947  39772  5857  31734  17057  1083  10136  5824  11093  11569  12007  4242  91217  120888  221973  35047  65620  24452  3271  959  611  4605  59180  9441  18456  182614  446282  160544  44596  30056  1.33423e+06  144024  3.20964e+06  39650  132121  213396  0  4.38509e+06  57141  187446  147  8889  117207  18922  103023  52675  4533  107267  39607  105467  
2704  10125  3241  7482  11727  650  23104  33446  4542  5175  14528  680  988  1312  4442  25399  4358  57256  3742  99008  13705  13580  16316  21657  6925  2328  2173  4894  8056  14513  4309  15267  407  4736  55706  13694  31158  19477  1174  12292  5156  51945  78089  42049  13298  431668  310704  470199  155096  81044  46821  8933  3266  2023  16374  150227  15245  451314  282060  934971  312561  70232  44954  857581  147723  169808  41427  41389  179357  3.97435e+06  0  1.89704e+06  3.87804e+06  537  42246  190138  45610  230530  80124  6700  100676  33742  141073  
176  748  118  247  1155  170  2292  4256  1527  764  2898  50  85  175  505  5912  728  7521  329  13540  949  423  1524  566  505  187  209  503  759  1654  522  2012  65  579  6805  1306  3430  2531  137  1401  600  1650  4874  843  358  145253  90462  74426  15697  21833  16514  1598  130  121  1013  19231  3289  518991  22754  1.10243e+06  41153  3334  1126  73258  3122  9796  4475  4519  2908  62310  2.80308e+06  0  947665  306  5189  32978  8747  29283  18429  505  13617  3013  24221  
2939  11853  4066  9636  14048  656  28355  43597  3953  7435  24943  914  1393  1751  2924  48711  4991  44178  2375  83786  10094  9336  8677  15612  4767  1411  1664  3985  5226  11671  3742  13794  419  4091  56316  17262  28053  19231  1403  9739  4341  423991  150659  48268  14372  515602  336826  188158  237890  19748  383045  13883  3194  2638  16912  123455  360184  1.76678e+06  373338  211975  337072  69819  36541  309583  105948  98098  41195  59923  500552  340103  4.49111e+06  1.03159e+06  0  696957  1.31607e+06  252414  125619  639409  125254  17795  114095  145667  178553  
55  152  58  91  211  18  391  907  118  217  1160  19  26  61  77  2609  199  1628  59  3356  238  88  207  122  143  49  51  110  134  387  116  501  16  157  1606  350  854  652  37  287  138  5730  1540  286  127  9727  4819  1619  9679  365  71691  575  31  25  168  4531  215687  321952  18649  1488  17167  1247  342  1452  885  1792  1801  3365  19043  2529  4886  2827  528263  0  362008  5439  2389  70184  5974  286  3544  2251  4862  
564  2114  563  1520  2437  303  4767  19078  2709  5441  9541  328  479  373  439  10940  967  6309  383  16466  1353  1083  1307  1777  851  245  345  799  828  1876  604  2394  83  786  11918  3536  5727  4592  409  1800  792  959391  105837  9707  3318  876236  1.5248e+06  29671  157327  9901  1.55781e+06  8374  905  844  4257  21960  1.17067e+06  774952  106321  16684  67649  9426  4084  30481  10270  14564  7689  91562  244534  42915  124280  48197  1.7901e+06  846756  0  128591  94831  483996  57954  6412  27682  72672  52978  
4574  33675  6382  13602  46007  2632  83749  161729  18200  40971  43325  2482  3869  2483  6780  45366  4331  54649  4910  126842  30721  29770  27309  44841  12492  7505  8987  7913  9319  14413  3845  13408  358  4869  399113  63276  62335  72983  3588  82345  26505  92952  95165  77208  29799  306623  28527  290624  1.46759e+06  29933  508422  105600  8262  8056  64741  297164  530473  24917  576208  26952  721381  173456  121251  329917  223715  452333  150700  456793  574636  333794  94588  2787  80273  617  38873  0  2.38256e+06  1.00236e+06  669611  158085  2.44228e+06  1.39883e+06  3.85242e+06  
5098  31981  9746  16320  16845  421  51527  59361  3681  18495  15554  1067  972  712  1235  10985  896  7443  732  24286  4325  4435  3096  11425  2049  609  806  2420  2753  4445  944  2746  57  887  34204  21955  19036  12226  1704  4753  2433  95279  124085  54709  20803  59454  20214  290503  165737  50096  112433  16917  2874  2936  15598  42766  33078  5459  57761  4443  70336  26674  25614  58434  65303  50558  11397  44943  64252  38116  15693  834  16019  112  6548  1.72767e+06  0  714615  233749  649689  353271  126518  341576  
4616  24370  7666  13175  18522  1739  47243  129532  14903  147272  68672  1464  2096  1328  1936  23392  1788  13477  2519  45656  5721  5403  6012  10756  3726  1081  1606  3488  3350  5836  1529  5423  134  2197  65699  35560  32549  27066  5699  8083  4094  60990  104935  44468  12725  202810  13174  182062  1.03924e+06  35007  608284  139566  5132  4228  38950  94369  356395  80457  250155  36470  225906  35860  19523  125596  44566  53251  26937  53234  104555  139637  96410  6011  110203  3214  109961  704695  826911  0  1.95858e+06  304116  182290  83525  377228  
360  2760  312  685  4119  498  7360  26444  4238  28207  13523  335  867  381  772  11322  710  6412  1068  17756  1615  911  2545  1902  1439  400  537  772  1110  1789  542  1816  53  676  20898  11513  12520  40151  416  2834  2370  14616  44026  2515  1586  140662  4237  35927  372912  14139  352704  22472  773  788  13603  34445  146884  19581  66730  23944  84664  7493  3072  15585  7283  13258  9072  11158  9536  59246  28171  1104  15256  201  7892  261134  177236  1.5927e+06  0  3635  338298  65842  917172  
9963  15104  17806  38000  2418  9  21608  27298  49  164  296  2025  1877  1128  515  223  54  663  93  2470  552  520  496  1596  547  92  958  5558  680  1389  130  1160  1  122  3408  21334  4159  664  6304  771  765  44158  5790  61035  34578  1159  239  46175  23752  193  834  304  11499  8393  6931  5488  794  275  4058  534  8109  2992  2857  7110  9333  10447  1565  19424  63940  30460  5962  101  11951  52  5714  38336  475255  246324  1709  0  14581  23357  5079  
761  1091  571  1555  1377  212  1674  8095  1534  3033  9416  345  454  891  2220  12597  1653  19981  1306  32211  15630  11468  12577  16999  6171  8573  7059  2324  3226  4988  1488  4971  144  1517  157026  3613  10363  11226  1281  104021  4410  10825  1374  2838  6150  2608  756  5520  27658  691  11032  1805  1673  1289  3833  231289  5340  1405  33450  5727  86661  48346  53290  33179  134569  611391  603208  1.17072e+06  428139  76369  10717  326  12601  219  12973  1.44968e+06  65609  47024  49112  33365  0  1.69233e+06  149065  
550  688  834  2539  459  34  1218  2509  202  1065  1432  294  143  149  275  2067  214  3094  261  4792  2011  1832  2217  2654  1044  696  933  632  504  671  197  734  19  189  20082  2089  3535  8273  741  8664  3495  34399  1062  5642  10096  2930  588  4852  12195  354  4753  653  519  649  1082  18363  4323  1147  23638  1450  22366  10065  6223  25685  12375  71039  28611  834715  580793  51271  4460  206  14247  409  26553  606091  86937  30352  45821  19924  1.02362e+06  0  213946  
6689  32176  5903  21345  42381  4519  44815  369305  23262  596952  169272  4575  1487  3029  15762  288450  8254  272206  41554  309733  48773  21065  152404  74846  94281  26447  71545  79276  38135  31234  6421  21844  327  5840  2.21308e+06  697752  512121  2.15636e+06  29750  134960  425440  17850  19095  9322  10941  68694  10746  71655  582658  18281  479740  58327  2237  1572  15304  112137  284096  22496  342047  30475  352918  89483  39718  155823  71403  62992  40283  101947  102058  63166  27249  1709  27979  340  11641  2.34312e+06  374465  482813  2.26616e+06  6755  509416  380638  0  
