5062122  
2539155  
630915  
3921083  
3900174  
4341247  
8367877  
12920299  
4441081  
7254814  
3389871  
2509650  
2285169  
3642388  
2998010  
5912422  
8022628  
6298346  
8782988  
9765720  
1631820  
1509085  
4700874  
4199343  
7423982  
2069203  
1821436  
1933724  
7492430  
10025444  
3003563  
10587382  
848610  
7084227  
10678225  
3491549  
5272118  
2369691  
718509  
3952735  
2046224  
4723375  
2281362  
607206  
3680502  
3336140  
4852058  
7337576  
13073068  
4670286  
7371398  
2505170  
2867470  
2105782  
3514207  
3041486  
6097470  
7266545  
7211764  
8320405  
9874487  
1877623  
1360330  
5219666  
4413467  
7742233  
2288680  
2136518  
2355250  
8809566  
10791176  
3455943  
10057811  
917364  
6553634  
10953669  
3507028  
5395210  
2594189  
783201  
4001623  
2025937  
9874380  
