0  1.57143e+06  45320  667998  209782  6290  645272  10791  316  7156  1949  15160  563  711  1571  9753  20699  33477  17114  15031  4199  20216  42559  51497  21135  8494  39206  239404  35191  79862  17341  260203  2263  1.18374e+06  55876  87385  402775  31874  20902  40384  44321  212  53  645  7945  180  267  708  2565  176  647  325  656  403  357  434  1438  355  3989  806  4961  1005  844  1562  7140  597  315  315  466  404  165  96  400  48  438  3949  6141  1560  692  702  2514  801  25481  
944322  0  1078  708  646716  4200  378169  14241  299  4156  2374  646  268  458  1810  5288  23703  23757  11221  15605  3807  14717  26585  40957  18737  8546  11387  55129  34213  52681  14357  55186  967  39702  420829  607031  478861  131296  20076  74920  48498  65  394  588  516  673  396  4047  3910  181  683  370  129  95  213  373  970  261  3253  611  3644  868  745  1589  5194  700  408  372  535  416  156  76  384  23  241  7451  1795  1720  1157  497  3354  1766  206873  
52216  399  0  145539  70  13  143695  85519  33  300  111  321  36  55  116  179  118  817  315  795  159  316  623  847  1111  606  1492  8741  1415  1270  324  5677  9  912  18120  106763  21154  5428  21707  3456  3039  258  1581  18075  13973  177  43  11757  23420  25  364  33  424  446  217  183  197  27  210  48  597  153  151  285  322  168  73  182  396  117  57  19  122  9  449  2120  8356  1348  306  537  535  1301  8745  
815106  3724  293065  0  2838  293  6640  462092  198  1381  485  1.17458e+06  9030  19878  16420  1259  857  10244  4284  18324  2932  4232  6902  7808  58314  12231  226841  425913  5446  6388  1082  176574  160  66856  20320  78962  59733  11186  29641  20385  30967  6105  2831  91764  831161  2379  421  38575  192872  207  999  397  84172  43859  28683  19227  827  283  2227  362  31972  4021  2371  1763  3414  1600  1100  2338  4786  811  403  128  1323  36  6235  11612  76399  9960  1722  15599  3503  3814  7674  
192807  754313  215  562  0  1.08529e+06  1.05192e+06  221706  26857  35063  6019  287  163  587  2642  21831  225239  46866  48620  31450  5082  13092  27304  25077  9775  4146  6599  15801  25196  74807  29745  133131  6559  354388  328499  280145  324620  60529  2297  60541  19815  185  544  153  373  17043  23555  78120  46777  9334  3213  880  130  98  280  799  3104  687  5719  980  5809  1306  1070  2716  3811  1257  461  801  1435  972  611  235  864  68  763  17948  4680  11228  5559  395  4225  1862  108980  
33463  87384  94  172  1.24119e+06  0  633815  361167  476262  1.6848e+06  3164  82  77  253  950  91821  388299  22699  88010  12874  1419  2451  10078  4292  3936  1168  2854  7589  33532  100305  47126  186875  12732  825382  41926  31492  162900  22365  508  7214  3561  106  208  79  141  4646  15760  18123  39017  13470  30945  1403  55  58  172  311  4316  560  3616  974  2881  479  353  1115  827  882  165  363  743  785  345  130  580  58  626  7984  3491  7705  4208  144  2317  784  21730  
556547  474634  203373  3805  1.7837e+06  555383  0  1.49606e+06  1.26187e+06  251259  15402  1406  711  1647  8066  25503  264146  89558  257027  87532  12112  27325  61933  71211  47115  19670  23344  96993  172301  162952  69625  63631  1667  15473  929846  1.17963e+06  640866  121591  60529  176173  70215  532  13811  9093  4394  104525  70677  423051  209758  19011  10932  1804  757  417  702  2598  6086  1392  11495  2005  14096  3665  2951  6893  9628  3972  1705  2781  4643  3078  1801  710  2093  143  1957  69088  43623  26672  12340  1891  14723  6057  219635  
4206  9955  80724  596160  113478  76553  1.75131e+06  0  1.88243e+06  564255  471137  870754  1.38751e+06  985067  303379  44875  12806  104806  29646  956047  67068  25908  36274  50539  40393  43011  30055  23612  58914  35173  8353  31521  1645  13393  618635  677745  333870  134228  16483  154726  27725  3336  23956  39192  91010  108601  193340  490872  1.81751e+06  193374  578312  76895  71426  41658  42740  44537  44284  8274  39393  18773  165545  16044  10053  21205  12996  22859  5625  11020  18283  17077  6210  1893  7250  505  11107  234821  148425  137867  70724  6638  55721  16881  231525  
128  414  38  38  80214  520131  1.04736e+06  1.60993e+06  0  1.51672e+06  955  18  22  58  240  14173  96116  15679  125103  2297  296  276  11239  380  3990  357  460  575  39210  26918  10908  2201  63  554  17703  7944  7223  5056  203  1636  749  207  406  94  132  4437  43662  10019  104911  46699  90320  2379  27  42  50  221  7117  1426  3021  2452  1275  356  287  1505  256  2041  252  535  1160  1801  679  198  964  48  1880  12340  8394  27621  15576  110  5691  1171  18973  
13726  21481  488  390  131873  1.22737e+06  229113  777767  1.26783e+06  0  125762  270  191  1604  1084  2.37603e+06  297769  72397  60509  16775  1119  840  11257  1291  5227  1620  2876  5782  49520  103859  43920  324357  48869  555458  72184  46502  258970  133811  1545  11333  4537  452  1042  517  688  4617  7612  8688  65640  9821  378792  33746  278  287  908  796  142982  6936  26688  5112  7822  962  700  2916  860  4591  671  1293  3372  4307  2039  1078  5794  1054  4351  28145  14189  38283  31876  915  16810  5887  92161  
265  548  166  301  2647  604  3919  579454  2923  159056  0  2388  28403  1.09958e+06  1551  52058  1960  28696  459  650596  1378  406  441  431  505  605  721  606  545  524  90  1823  433  1678  15859  12537  19069  13950  471  3410  1185  641  1322  619  1109  5778  5144  8039  67918  6263  308854  324722  1362  4809  32482  5023  230332  9515  36138  2919  21191  1191  794  2212  949  4052  1932  2446  3849  2991  1443  844  5661  902  4909  31361  12616  44635  35030  1248  18788  6008  35228  
17855  2852  3134  626690  833  175  8945  1.0089e+06  460  2677  5294  0  485990  378138  173805  2875  937  18957  5551  278853  15372  5160  5435  6565  28762  13980  72250  91899  6443  2955  503  20178  211  6904  29207  13548  87871  21978  32940  29058  55719  3011  451  10564  174824  2175  608  16093  117552  271  1975  3113  505630  90326  39178  27124  1940  752  6860  596  78298  5761  3004  1829  3497  2188  1661  3216  5445  1420  526  245  1449  76  4740  14497  41682  7308  2388  21391  5285  8714  11643  
1837  990  810  7446  1499  341  6120  1.06439e+06  966  3077  25712  450214  0  962334  347886  5429  1859  19113  1617  604974  28720  6109  2200  7301  10820  14643  21071  14901  2321  1557  255  4818  405  2186  29250  8027  26812  8962  9934  42533  16458  1433  285  2684  53006  2312  3707  13623  148973  3241  3472  10995  153584  482724  122471  37964  4766  1617  15508  988  165614  8526  3833  1759  3713  2362  1824  2508  3710  2065  806  430  1932  206  2520  17715  21177  8625  3627  12653  6333  5858  11651  
2142  1143  547  6896  2593  517  5835  706833  1539  13125  1.05868e+06  232836  838472  0  504673  17526  4752  40467  1512  1.16881e+06  29083  5876  2321  6964  12115  20856  26034  13088  2371  2156  368  7625  843  4064  41790  9379  27525  10966  7591  71028  12996  1576  710  3798  50392  2883  3197  6545  113637  2767  39463  110836  57792  142014  583555  80345  87486  6463  57323  2241  292826  15317  5775  2604  4981  4914  4734  5290  5408  4527  2095  1293  6359  913  4496  24045  22142  20558  10249  7870  14881  6538  20364  
1700  1894  615  8286  2824  343  8557  200536  291  1380  2016  79747  159685  466584  0  3158  4305  55198  3596  1.89646e+06  194240  127638  10116  566326  41206  98781  45607  9105  4555  3854  565  10952  1556  6288  114120  11562  39646  18405  5257  191064  13416  1192  539  3744  37112  1357  991  4548  42283  455  1996  5789  29908  37605  131811  388586  9535  5098  53288  4271  237402  21034  11575  6520  11274  4651  5399  5592  5163  5882  2266  1465  4872  522  3588  29174  15376  17329  8811  11099  19416  9009  32741  
13689  28196  554  556  79979  107696  30893  52971  39999  2.27485e+06  106273  341  301  3973  1959  0  1.85289e+06  643815  180459  44165  1599  1126  30377  1523  14429  2461  4104  8147  90129  128309  45723  602538  381099  564781  70256  35172  225561  114883  2466  22607  6003  728  1464  677  922  5564  4106  7170  13391  2441  40901  23251  435  403  1622  1777  160751  13674  80567  3081  24055  2275  2274  3635  1995  6196  1408  2219  5650  6748  4229  3198  15983  3157  8187  31347  9128  37391  16078  1686  14601  6932  78108  
23263  73547  356  613  315801  140366  145017  78528  63474  180557  29577  445  605  4707  19941  2.17403e+06  0  810299  1.27485e+06  226851  12334  4046  70131  6080  39979  12377  9110  11710  218014  529674  334039  2.13141e+06  642108  530651  69803  38451  132470  30344  3158  29943  7564  478  848  554  890  3538  4147  7226  13141  2431  9868  10165  599  734  3167  3369  72177  8946  83075  3720  52401  3295  2488  3791  2474  4603  1573  2088  4539  6252  3395  2242  10422  2009  5422  27318  6570  24907  9509  1697  11518  5885  37058  
10784  19963  1474  4831  29953  3866  60556  128911  31201  64927  43343  3240  1086  2069  6821  565461  523263  0  2.98854e+06  599605  164668  35321  656056  53336  151054  35911  21244  27685  112201  47837  4346  108706  11987  76495  245842  42589  368739  131863  17828  159418  45058  975  1415  2409  3501  3903  2983  10926  22918  1940  14111  3359  1613  1449  2017  12096  21551  13194  182918  27028  135556  46627  34836  51976  32333  17671  8090  7663  11804  17410  6375  3299  13259  1315  7257  115440  16631  46235  20217  6583  58417  23746  139066  
12856  24327  1157  4504  63061  11006  194657  162119  96356  45611  1710  3012  628  928  5293  111590  1.28782e+06  2.79544e+06  0  59454  11566  7758  2.40177e+06  20182  276047  34604  22760  34713  1.30975e+06  1.26588e+06  424313  289252  10617  102975  158410  31329  351638  91939  14177  89534  27456  268  343  655  2269  1919  4758  6889  15915  4261  13651  914  555  444  496  2506  3111  1602  29888  10596  39414  11776  8517  18576  6744  3792  1758  1579  2415  2774  998  458  2079  171  1601  24347  6880  11176  6008  2463  12149  6067  76322  
9687  17382  2324  13567  20756  2353  68180  558763  2414  15179  697245  95579  203467  661767  2.27185e+06  47820  31970  1.01341e+06  45668  0  2.15116e+06  776910  88820  1.10164e+06  177803  375697  122029  43092  47278  37820  5013  92035  11275  47744  463567  70557  304288  137363  25676  626735  70822  3505  4639  8692  44666  11885  9001  27570  142342  4748  35452  59990  47812  64129  161514  263958  127611  44112  528586  74053  1.62319e+06  205173  109544  143222  108376  48228  23839  23835  35685  56549  20553  12133  43856  4243  24842  282099  54940  153093  75764  25789  134139  73032  232796  
1098  2163  190  699  1978  171  6987  13517  130  355  244  785  1310  2228  74249  487  932  294100  8824  877826  0  454021  80634  203896  22567  62923  15159  4167  4865  3111  247  7873  512  3882  63126  6376  35923  17053  2859  94848  9802  205  264  536  1045  583  387  1752  4009  184  353  234  869  978  1139  5547  605  744  28307  9922  75952  101153  30743  31142  33612  5573  3142  2216  2407  1918  845  326  2031  133  1371  27363  2502  9505  5709  1357  24618  5302  18570  
1950  3807  196  670  2096  76  12968  13163  40  112  94  546  532  1389  76045  154  286  99416  2339  234160  493729  0  139935  707927  45003  60027  13690  5017  4630  3472  166  8365  129  2441  56571  3990  40063  13036  2972  96756  10992  274  408  1009  1071  609  248  2361  3561  70  181  181  741  837  905  3370  296  292  8606  1972  22933  76490  42097  16357  69306  6558  3044  2197  2699  1138  850  97  1680  55  1066  20616  1664  10019  1999  1279  22118  4222  9892  
10502  21152  883  3842  20742  1171  50266  59926  4104  3002  425  2432  520  698  4109  3891  20579  801536  1.1433e+06  53696  87531  186117  0  410323  688645  72906  28329  36548  884213  397803  9013  120206  1226  38241  126468  22977  251675  81950  17595  121721  56063  228  207  592  1687  923  915  3677  5840  652  1933  207  391  273  248  2173  573  478  18392  9502  39653  16967  12180  23447  16942  4861  2445  1830  2174  1600  618  201  1414  104  1051  26962  4418  7727  4687  2786  18914  5796  50446  
6802  14062  645  1620  5598  166  44931  37153  80  323  184  1169  949  2720  535300  359  856  109429  13774  689090  372888  1.00434e+06  559630  0  1.53284e+06  615108  43757  23030  32112  17900  961  30073  366  7180  97266  8548  101695  25880  9488  232202  23731  361  280  1241  1550  505  246  2902  3793  150  324  306  694  696  832  4483  470  296  9350  5109  27312  18505  11953  19934  206889  9905  4405  3150  3149  1798  625  116  1235  54  983  31838  2719  7754  2437  1998  31320  4742  27486  
5456  8898  1094  3348  3758  316  32325  32123  880  1121  290  2095  964  3180  26576  1618  2322  155054  81752  48036  29783  68949  1.0665e+06  1.79326e+06  0  2.06952e+06  1.4665e+06  254371  2.73674e+06  47129  3754  28123  505  7407  114302  11748  90368  38651  17320  390545  64858  299  128  926  3373  365  409  1452  4242  283  879  1073  497  433  538  1547  1213  356  6978  3442  14180  4809  4051  8545  15875  9204  3332  2689  2190  1400  412  131  764  58  896  25866  6672  4615  2282  2183  23996  3940  54855  
2400  3176  499  2029  1111  97  10671  22168  89  295  172  1543  1222  5033  55443  392  704  50968  14157  50330  36537  43575  98044  436130  1.67081e+06  0  556800  54157  43484  9063  921  10365  336  2745  60809  5054  33488  15096  7982  385762  35188  204  66  537  2762  164  117  654  3252  86  532  1680  439  412  727  1491  1341  192  3667  1630  7307  2413  2031  3825  7633  1942  1537  1226  1138  672  244  83  440  32  471  12266  4650  2202  892  1118  11833  1727  45357  
14377  5156  1217  31706  3812  408  6773  24066  84  1228  456  25991  4120  15203  57752  1493  888  14153  3529  25194  14114  11210  14808  29071  847086  685648  0  278775  18243  2331  389  6460  318  28711  77528  12076  44164  42290  20975  473525  231301  1793  76  3120  23904  166  120  665  9206  80  1463  4716  3030  2622  2291  2115  4417  197  2465  313  5060  984  766  1161  1952  994  991  1250  1979  402  150  73  655  30  2957  8593  48320  1784  784  8461  6227  1155  90114  
116713  52392  11212  64766  15488  1805  89534  22208  171  3224  834  34451  2137  2231  3300  3843  3456  17590  7954  11806  3328  7982  20195  21067  200641  45380  210333  0  142702  230977  6169  376948  443  92215  176599  46854  279136  70388  48304  188079  343076  2765  97  7878  55286  298  273  1188  16058  201  887  315  5157  4025  1913  1567  889  302  3146  483  6210  953  830  1361  3140  1188  750  1198  2710  723  264  124  1001  31  4347  7126  89881  2864  781  8762  4662  2364  39582  
10062  18320  992  2161  19124  4085  106174  94531  29270  11119  1895  1111  345  696  4211  12515  70022  103530  410667  37192  6217  17266  1.02966e+06  50888  2.93255e+06  58687  49874  221923  0  3.72652e+06  164353  121776  1217  25611  66274  13510  148379  40719  13298  164977  23144  162  194  367  892  869  4006  2815  10160  3495  5372  613  232  197  514  1263  3508  1140  13628  3023  16050  3024  2636  5287  7184  2118  1141  1048  1638  1560  608  367  1517  202  955  12168  3398  7524  3610  1691  8052  3326  22505  
23603  37582  1195  2853  116260  33098  177386  142457  24634  19727  12516  835  568  1917  11141  30764  957404  157637  661156  179495  14362  33696  567815  63164  60236  14377  10202  191725  3.43881e+06  0  1.48913e+06  3.39896e+06  4653  75348  83488  24509  271534  72209  7534  61272  13670  241  420  471  1025  1915  4861  5633  14767  3865  5561  2238  485  596  2971  2197  12498  4255  55854  4178  48993  3753  2973  5386  9349  2701  1225  1522  2641  3633  1817  1136  4435  595  2332  20780  5197  13621  5871  1786  10011  4852  41975  
3639  6383  202  301  65773  22724  133811  45267  10685  11307  1703  125  77  277  1651  8160  834447  16229  519544  23022  1260  1246  44320  2210  9655  2141  1805  9355  194282  1.59608e+06  0  885888  1335  13091  12672  5420  73555  27830  1343  7328  1743  35  74  78  160  557  1779  1901  5028  1398  2185  360  61  70  328  289  2372  591  6659  444  5690  365  283  466  466  365  158  211  395  519  254  140  606  69  353  3030  1153  2583  1168  239  1344  727  9920  
191614  146901  8210  40928  295011  107696  137066  140584  3628  224803  36402  11644  1492  4880  27026  612760  2.24866e+06  421692  262855  423809  44309  75745  281495  114889  63897  35326  24497  511405  113449  3.74784e+06  591711  0  1.00447e+06  1.31619e+06  219304  72789  679333  82324  31053  154351  79816  1348  886  4060  23543  3627  3888  10325  23071  2342  4394  6255  2820  2560  7511  5026  34460  9655  122368  7441  104265  7908  6017  10305  19080  6540  2904  3450  6683  7921  3897  2335  10351  1312  6090  44014  37391  27436  10582  5841  21736  11533  85823  
3308  8623  42  58  19658  5950  1781  3539  56  21551  4700  29  66  423  1341  199659  289971  16676  2504  22881  914  286  910  453  716  666  830  1578  2386  15585  6117  487443  0  264705  5340  3677  28012  1405  229  1166  738  37  48  31  72  229  170  421  661  74  323  650  38  61  343  188  5072  694  6916  174  4169  191  148  203  144  246  93  121  261  357  207  150  781  119  328  1795  437  1393  616  87  586  320  2143  
1.2449e+06  359886  779  12097  828365  1.23876e+06  29469  35238  949  1.06825e+06  19726  5688  479  2554  6217  1.34155e+06  1.09538e+06  203273  56771  108112  9134  14168  51939  23603  14532  6293  44424  100389  58553  216502  62885  1.63509e+06  717878  0  55602  39199  946729  19368  2892  21062  39930  243  244  448  2755  1086  1073  2678  5271  597  2206  2885  455  422  1613  1061  21611  2628  29008  1513  20427  1731  1345  2294  3934  1405  508  719  1441  1747  995  672  3035  526  1701  10148  5162  6864  2993  898  3959  2068  23196  
46013  176985  32528  19357  137426  21172  1.06051e+06  2.09678e+06  25175  267927  199547  11556  6855  18770  72620  201385  31474  841334  186793  721618  105083  153365  353380  230203  301772  211101  375225  386172  251014  160684  16069  336936  14513  82361  0  3.67396e+06  1.09827e+06  863180  500264  2.82463e+06  1.50938e+06  1566  3753  6033  11749  33349  30973  151273  253571  27121  56632  26865  3049  2518  5578  10148  24849  5200  64257  9589  74806  18107  15496  29718  42858  17020  13128  13488  15873  9561  3682  1460  8016  609  5822  298075  50719  47045  24737  13436  106547  49535  3.04295e+06  
51596  178030  141263  34415  55486  2921  1.04785e+06  944827  1194  40501  79811  1315  782  5684  11214  65262  14382  121741  12888  229791  12598  11182  20261  16011  16534  14255  20821  33636  23482  16444  2352  46257  7275  33208  2.10938e+06  0  343113  407193  493202  249976  79419  298  2398  4353  5006  11940  3494  43548  55167  1559  6088  8362  791  583  2293  2245  21389  2105  23208  1317  21152  2536  2029  3816  3809  2346  1069  1494  2419  1860  918  557  2492  359  1517  35068  17941  9846  5546  2006  9001  7249  682741  
130323  293378  74056  35489  306186  23386  1.12574e+06  1.31244e+06  6477  423554  160583  19307  6277  15272  30673  330118  45053  466250  148193  331880  42511  41413  131771  59510  61871  37811  34888  82185  147547  121911  44232  127550  4705  170347  356765  1.09507e+06  0  1.6286e+06  322180  127819  130009  1410  2235  5164  18494  20295  13571  98371  129224  9373  52339  35653  3386  2299  5057  4567  33937  3531  35406  3985  37691  6137  6602  10352  18132  7890  3279  3713  6564  4227  1723  817  4101  488  4082  53732  54232  30356  11879  19734  24465  11266  193984  
6867  22191  5245  3805  32332  1959  128319  244294  1097  173663  63021  3598  1876  5418  15256  131002  12682  154526  58728  133636  20279  13720  47008  11214  29738  20228  21101  17656  91969  47187  12605  15337  1042  5038  217373  316652  1.4976e+06  0  38164  68561  111903  266  401  930  2867  2314  1859  9611  16672  1365  16416  9971  796  555  1491  1553  10937  1063  11728  1118  12487  2421  1822  2826  3253  1761  847  956  1464  1099  469  262  1233  141  968  20897  9478  7707  8491  3461  17422  18372  462990  
18067  8804  77037  22511  190  35  64246  18347  162  914  632  1824  943  852  1169  824  347  7717  2544  7976  1682  2606  4844  3456  10879  5652  15372  24814  6418  2192  310  3254  132  550  125251  535179  266016  64660  0  24193  48202  1103  121  2417  11426  108  90  817  4863  92  425  86  681  646  317  677  298  132  1382  260  2027  751  1817  2485  5960  2473  994  1000  2179  828  256  62  589  13  1851  7180  31426  7200  662  8934  6567  4155  37295  
8137  13072  2375  8507  6085  348  64236  96153  351  2001  1539  12487  18533  63580  154308  3424  2514  89147  19907  143650  67798  68553  71698  138117  318285  695370  767440  133556  145888  53270  4160  61316  819  9053  1.89912e+06  44718  203490  90447  72253  0  1.15444e+06  1151  852  3817  11209  1755  992  6138  17446  485  2896  9146  3566  2817  5026  13182  10170  5127  59703  7136  53883  10219  10540  16056  27273  17278  21404  17570  13151  10644  3082  1623  5785  401  4416  163699  15770  26881  10156  7855  152716  21995  143391  
6979  3865  1443  2437  2806  395  14478  24959  364  2767  1772  4418  2872  4812  12222  3390  1153  44506  13299  31065  9307  16224  35880  20644  80423  42870  798305  90047  18566  8015  587  13506  453  12548  828972  46570  137567  357327  43734  1.09343e+06  0  225  113  629  2466  468  438  1789  4091  331  1834  825  751  501  585  923  1440  364  5312  810  5963  1581  1244  2071  3158  878  713  780  953  526  208  93  550  38  608  20981  6252  2440  1810  1581  7215  3762  328846  
104  194  518  1814  478  139  1954  3438  282  1360  1071  438  215  330  986  2363  527  3342  209  4097  1551  6684  598  2625  585  397  835  1663  232  215  45  844  84  352  4700  1964  2352  1227  2096  1860  866  0  1.39066e+06  70744  803173  389959  93114  653253  25586  10410  14661  1110  5556  2923  1693  5316  23758  25060  32512  16979  15357  11190  28374  81676  74354  45914  7991  44232  162462  37443  36089  11596  252388  4678  1.09627e+06  70574  91929  332733  23630  16686  23892  33680  28190  
132  687  597  326  737  163  9592  9487  240  1150  818  141  113  234  987  1630  377  3089  242  3896  1455  6854  661  2654  575  354  678  449  273  245  35  469  57  256  10403  4009  2477  1897  1099  2022  2363  1.00601e+06  0  11791  5366  579683  76293  190833  14026  9000  5865  1200  1875  1306  1020  7816  10683  9648  22936  12100  20852  11232  29895  70888  68471  37891  6258  12827  29106  29954  25618  6701  20986  915  58828  383004  374047  416918  49101  7537  54945  14772  87115  
354  907  6393  5945  45  7  9359  6538  27  154  84  118  69  63  124  132  32  311  27  446  191  1114  90  509  122  58  189  418  38  34  9  169  3  44  1193  2379  480  251  621  330  289  42082  2450  0  136508  631  767  110021  77194  746  871  191  901  563  336  908  1213  374  2001  1167  2132  1199  4322  7600  14995  7047  896  1851  6869  3675  2201  378  1850  18  4850  23513  159103  101928  11175  33892  4782  1608  8143  
10246  1421  57991  778890  346  41  16240  40843  114  506  336  180207  3920  5847  4076  576  197  2621  904  7372  1074  1841  1237  1805  9959  3479  30276  99729  1271  1242  188  39844  31  6165  6485  58807  20378  2800  52016  5263  7291  748457  2000  143525  0  1727  1558  10428  509214  1060  1438  671  815953  30303  11149  9081  2139  1330  4732  2048  20552  3469  4914  10892  15413  13776  4999  22383  56314  6523  3723  1118  15360  140  94638  18114  252288  99013  6675  58262  8719  11953  7582  
132  1138  300  370  22972  5016  63679  75183  2600  3400  1862  100  111  283  1103  3659  1023  4067  741  5107  1758  3420  1079  1387  624  451  570  648  781  854  313  1148  77  597  21002  14263  8645  3797  906  3841  1732  333913  878251  1921  1630  0  1.1091e+06  691682  91104  15906  25790  2443  541  469  725  10515  39181  50548  45638  12317  33719  15635  16741  63529  13977  23651  5743  22335  55492  40820  35972  20418  65324  6070  391917  357278  273838  239420  92440  1983  48249  17987  78676  
260  735  130  150  48532  25310  56129  171466  44164  16481  2511  48  119  236  869  5160  3893  5604  4042  5170  1087  1672  2338  1294  1106  471  667  1005  6404  5610  2567  2026  109  1263  39303  7780  19391  6169  652  4250  1836  127894  145920  1826  1371  1.16884e+06  0  724280  440931  545724  1.47066e+06  2867  354  376  542  3271  93500  150200  36064  42173  14460  8028  5472  28916  4154  24019  2342  13381  41450  106575  117800  36311  190902  10178  1.02218e+06  72913  152528  126104  37124  1008  13549  12446  40059  
1365  13177  9675  6518  131544  14308  522190  525106  7837  8074  3105  459  545  599  2342  4031  2898  11523  2744  13156  3319  9466  4283  6253  2209  1419  1886  2839  3114  3444  1074  4723  223  1846  111456  106377  39264  13970  2749  17837  6918  324224  474975  169593  12326  1.56582e+06  1.03161e+06  0  2.17201e+06  1.01978e+06  50802  5537  2662  1841  1744  21486  42514  16627  45242  21702  61133  23838  35544  85976  75582  66131  11131  19671  42485  97220  57325  8770  12684  464  23039  546480  768527  439926  72202  15187  88312  21331  114620  
8445  21459  89809  149935  132935  80687  501786  2.52589e+06  359477  208619  63131  67083  105608  134338  63456  25203  17968  35068  22172  191994  17585  14760  14575  13005  13089  9743  17481  48974  38065  27971  11536  27577  690  7725  336315  164574  145889  65740  39575  49824  18950  12651  12298  96391  740534  104079  312436  1.64903e+06  0  1.89608e+06  556393  631493  1.42002e+06  948896  777906  297740  49792  11567  141079  33104  642573  59720  32352  55100  40227  43307  30413  34177  47455  34247  13816  4136  17276  995  42883  521311  806924  447981  187407  20816  113094  31892  277604  
278  538  74  65  31715  30096  26390  124674  44190  25590  2483  28  39  113  294  3558  3056  3168  3250  2246  295  561  1680  794  717  274  355  779  5412  5816  2904  1715  47  1163  24681  3831  23310  7350  573  2185  1003  674  1287  1536  730  42530  676840  1.22708e+06  1.7693e+06  0  1.61297e+06  3689  177  146  143  1313  84399  95010  13623  78892  4370  1332  592  20142  1140  81061  2214  6289  18888  207276  112963  25366  9006  86  2052  14777  50931  22614  11385  617  15688  2939  18188  
310  742  537  365  5315  10422  10784  156871  128323  331317  40219  275  169  527  875  37073  2848  7197  3740  5868  509  552  1806  420  1280  432  1259  1146  4837  2589  847  1317  137  1269  24221  7765  28364  22553  875  2544  3162  34804  54295  1789  1770  121270  1.32562e+06  107149  925224  1.30972e+06  0  46122  899  792  756  2848  2.40877e+06  154103  99499  51805  14218  5182  2290  14680  2629  34264  2178  10355  29469  82746  44837  19780  324311  117637  734266  61259  331350  117274  75070  1841  37762  18776  65848  
464  969  262  423  2786  2456  4150  136960  32331  290113  257816  955  6591  76000  1964  95170  7694  13128  1972  56215  980  329  1327  347  1530  1775  1578  974  2299  1206  190  2470  381  2426  27049  13435  30534  27345  563  5977  1541  215  317  284  3514  1143  855  1816  554951  656  130093  0  6931  23154  880391  2748  166973  1423  62585  613  371020  3336  532  629  568  941  593  804  1559  1007  549  314  2004  434  2057  8477  4596  10520  6096  852  4262  2303  25540  
2855  693  8951  113944  1466  130  9477  167429  215  1591  3459  607578  158888  135787  60797  3180  785  7212  1185  130453  8107  4620  1520  2995  6991  4677  17434  48327  1475  1145  177  19128  175  3174  13376  22536  22229  5243  23586  11326  9691  19183  417  7392  1.01033e+06  1840  864  9127  1.2525e+06  420  1849  8230  0  551009  173090  102041  2900  1322  11004  1070  255407  24549  11934  5775  14796  9709  8675  17826  30927  4517  1155  445  5804  257  30013  20872  73733  22746  5287  129939  16441  51536  8642  
1332  415  1390  8175  1512  527  5572  98779  1636  2741  6426  47270  296831  147266  38214  4462  1169  8223  676  173350  10571  7215  982  2402  2338  1924  4562  12815  975  945  169  5569  277  1585  17326  6892  10025  3869  6385  7202  2823  2828  294  1663  167221  1380  1023  3849  970814  709  1660  35560  520299  0  644763  267894  4059  1800  20942  1128  538349  53742  20248  4173  20219  9497  16377  15213  17803  4228  1133  504  3386  230  8713  20034  23867  17894  5663  130155  22157  34667  11072  
1238  1025  1090  5272  2679  697  5718  94573  1993  45216  91040  20516  107830  683053  97545  51937  8276  25090  1094  313547  13420  6422  1421  2449  3656  4850  5623  9643  1617  1992  347  8376  1111  4723  28707  10987  23142  13552  5174  17340  3401  1955  637  1334  89146  1941  1452  3181  861802  765  4331  905517  228695  666451  0  562983  34700  6232  99430  2198  1.16944e+06  60774  18652  4157  16153  7646  9814  12883  13238  6434  2639  1610  8189  1051  8092  27815  19258  22514  8108  98380  31045  26812  21427  
938  986  1011  4210  1587  227  5518  40793  368  2241  6670  8588  14299  93682  398308  5058  2171  35270  2041  292833  29829  25240  9714  12012  4659  5534  4870  6876  1913  1921  286  6360  536  2855  31246  7423  18604  8817  4709  23024  4433  2419  1304  2900  52297  3373  2023  6220  132223  688  2354  2783  127348  196900  501518  0  5510  14575  81540  25988  1.64643e+06  105821  93802  22742  631579  46364  138618  69958  33677  21770  6385  4509  14361  1351  12438  97727  23265  57392  31247  61542  239670  50428  41062  
466  902  494  408  3263  1595  6491  22386  10013  102261  37620  308  302  1616  1293  84935  16297  11295  1300  14064  579  701  782  460  746  658  1108  1265  1206  930  213  3547  737  3185  20011  7273  23098  21548  1007  4750  2320  19265  33193  3604  4111  98935  148699  37387  58180  97292  1.83241e+06  58509  2124  1533  2804  3947  0  1.60446e+06  616487  50908  23936  5309  2816  17627  4047  50033  3232  21589  87498  115736  36228  20551  546727  376603  659325  97330  85424  328190  165871  6120  61651  40685  108226  
461  817  304  377  2687  1124  5902  17060  4679  19447  14668  379  463  2131  9754  38225  8350  40211  1202  51302  2632  1870  1328  1177  1633  2106  1833  1479  1640  2307  473  6394  1305  4712  23188  5561  16715  8793  1565  12000  2349  24399  52698  4704  4221  212349  369227  111095  50990  184707  186389  4101  3064  3671  6122  52333  1.672e+06  0  761379  1.57213e+06  238880  54586  11830  22640  20284  68913  12837  18269  92718  274396  398564  577183  1.82426e+06  296793  435815  89752  40191  184977  62693  5985  37627  23755  56553  
1658  2875  766  1012  5261  1350  12653  30531  4910  23194  13588  894  839  2416  12224  68135  20933  137568  8085  118142  24158  20914  19775  10047  7791  5680  4863  5099  6901  8566  1372  21827  3588  14355  79582  14595  54689  23742  8004  46078  10512  4893  7190  7339  6819  22043  20300  32389  101529  45243  76325  14979  6339  5767  7354  40900  694225  622816  0  2.36471e+06  826030  263975  29267  645109  33922  68545  24448  30827  56255  67248  32258  12569  94877  5107  59553  230550  42385  310345  125313  22720  90231  122227  128571  
578  1181  835  868  2464  968  8833  23361  4763  5566  1598  711  590  1050  6099  5592  2523  47987  6062  44776  13012  9138  14694  7457  5377  3074  2179  2262  3489  2638  393  5372  613  2869  35388  7620  20579  10814  6296  16229  5186  7502  10901  12277  9254  31785  57232  65498  95128  181378  35766  712  7106  5547  4732  54945  12532  1.44959e+06  2.33014e+06  0  461885  127166  21389  1.47398e+06  35289  325550  42624  48897  143423  719671  1.15208e+06  1.30701e+06  296207  2575  57745  172504  33884  351564  112090  24873  87789  134693  82304  
4836  8827  2303  6207  12974  2122  39090  153505  4504  48175  62654  14677  32264  120869  188636  117923  35524  367658  23912  1.61489e+06  141064  77677  66199  40245  27354  25188  19189  18277  20890  22101  3226  55738  7296  31724  233851  44508  165803  76663  19418  162034  33559  6667  8117  13496  76628  17602  11445  38034  442739  3388  13950  319907  134567  195519  593635  1.76293e+06  34303  57986  1.36089e+06  262523  0  2.24807e+06  913981  199052  1.04312e+06  114535  176524  105302  96954  112382  33989  19420  80250  6635  49122  403122  86358  309873  158329  63186  299010  168335  240925  
530  1034  260  483  1136  122  4708  8837  159  553  850  453  492  1545  7361  1449  803  64272  6121  78757  125047  87335  29720  22136  6417  4902  2606  1788  2932  1791  184  3971  414  2041  29883  4339  16778  8513  2303  34012  4324  1268  1897  2554  3604  3716  2178  7699  21017  327  1364  371  4253  4748  6859  77981  1586  5835  305747  50396  1.18257e+06  0  419303  154619  196661  29493  38598  26064  22493  11763  7516  2348  19680  794  11393  80719  12086  78957  39959  7327  76405  40003  39034  
165  337  249  259  399  43  2219  4307  39  203  438  234  278  876  3067  420  233  12322  1286  19845  19234  46818  7755  9626  2292  2184  1045  720  908  550  67  1189  125  566  11337  1766  5646  2914  2094  17728  1335  1868  2588  6323  3926  2776  874  12495  17469  114  516  125  3288  3798  5098  100591  759  2069  26285  10048  446688  316394  0  110467  562380  41156  49514  19104  19313  7377  5201  670  9647  318  6252  34674  6139  61146  10602  4793  65753  22512  17785  
704  1612  964  931  2227  677  11317  23622  1941  2118  762  694  512  680  4491  1897  1029  54416  9689  44672  30354  29231  35539  22269  9716  5000  2632  2448  4931  2675  343  5005  469  2318  45226  8272  24503  12929  10134  22948  5835  8105  14110  20937  10754  23663  15174  68937  91309  111684  7744  486  5174  3570  2525  28447  6159  9782  524285  1.06983e+06  178677  172312  175045  0  342263  973360  119901  75915  140754  950141  766236  41456  110578  1051  41744  177513  34057  354839  76053  25585  134484  135352  84237  
459  981  642  660  665  59  4783  6675  80  322  681  421  380  964  3689  611  280  17876  2053  22571  26956  96292  16730  154766  7162  4681  2002  1696  1871  1229  122  2547  99  851  24489  3180  13982  6620  8722  30526  2947  9404  5519  33574  15473  4049  1894  32287  28489  755  955  206  5307  5213  6806  796528  1782  2775  48868  20970  654764  216065  670511  460468  0  1.87172e+06  789579  123646  121749  67684  13675  1193  26950  633  16694  77108  14899  127405  11773  13992  329152  69282  33097  
249  480  431  488  1040  575  3687  8890  2037  2096  936  328  255  558  2203  1673  589  11623  1808  11278  7586  20124  6541  13891  4270  2521  1398  1340  1770  1093  211  1944  159  804  26481  3383  11807  6514  8545  23589  2264  7267  4177  17606  11560  8007  10570  33192  36637  60528  4166  223  3932  3222  3152  93815  3282  5245  59708  127676  63880  38877  87337  1.2256e+06  1.65186e+06  0  2.29811e+06  1.62821e+06  625668  3.01819e+06  129206  4315  28172  499  16222  138634  17897  99358  21285  14401  501298  86359  51086  
96  171  156  281  262  104  1089  3010  342  443  524  182  159  350  991  481  148  3505  548  3944  2884  5338  2149  3616  1345  888  629  730  545  318  46  608  42  242  10170  1011  3040  1523  1967  9270  670  5379  1918  2881  6626  3482  1885  4558  17176  2839  800  133  2923  2787  2702  137511  1320  1952  20655  23917  43880  22774  36455  140477  490497  1.60986e+06  0  989292  276474  46289  5825  970  9621  333  10820  41935  6355  26137  7689  4832  214414  50161  26908  
106  224  228  528  382  105  1555  5124  196  959  2735  310  467  1433  3291  1463  274  4362  356  7045  2041  4092  2139  3522  1888  1410  1100  1063  597  388  56  835  56  289  16758  1602  3532  1887  2003  14515  928  17182  3292  2701  12248  6948  3408  4399  38835  1729  1334  397  5763  5585  7766  123828  3168  3722  16752  11224  51725  18397  21394  45007  92011  817523  1.05921e+06  0  620701  23356  3103  1106  7944  1030  48410  107209  10165  40887  17232  8192  541271  254002  49638  
239  364  971  1195  710  143  3524  6302  286  1212  1527  638  484  800  2115  2877  754  6657  582  8599  5718  12334  2129  4910  2033  1473  1671  2828  1006  735  123  1619  160  613  18530  4580  7173  4832  8643  12363  2474  94805  13666  15781  36932  31229  25144  27077  38857  11738  7378  653  10093  7173  4762  23985  25266  36675  65137  29252  38620  39429  61626  155832  85815  507330  76736  479105  0  559648  362857  33276  409079  8861  169782  383308  47918  217232  89177  35763  415887  656884  103399  
315  575  566  510  1562  659  4801  9722  1740  3348  3214  310  311  944  5789  8723  2597  21516  1073  25343  3145  6203  2199  3259  1774  1596  1254  1107  1361  1485  279  3248  505  1884  18474  4251  14461  7946  9080  10895  2442  7944  7494  26618  12208  65196  109582  140609  34376  221053  11499  489  3107  2605  2909  22601  7024  44243  84049  247804  60432  24507  29062  1.38279e+06  48893  3.94004e+06  49569  122568  1.16007e+06  0  4.51985e+06  59055  87758  472  13065  99358  24005  104612  18723  12404  283210  47851  27647  
271  560  412  311  2172  578  6230  10806  1315  5180  6962  203  262  1414  7424  18537  4469  24113  633  32376  3732  4373  1104  1261  1204  1631  1350  840  796  1223  232  3535  724  2756  13835  3453  9177  3909  1635  7462  1376  7293  19616  12148  5243  190527  321010  281404  27634  324466  19444  921  1325  1526  3149  26510  12675  656894  108322  887840  81533  38901  25079  444487  20196  163062  12979  12631  840776  3.9616e+06  0  2.52852e+06  3.6066e+06  477  9475  52874  33096  55527  13748  4038  36515  12981  17863  
57  100  81  66  458  161  1341  2681  466  1265  1302  25  41  245  1277  3515  785  4224  113  5832  316  240  157  114  199  282  233  130  148  231  43  640  149  489  2473  652  1693  723  229  1281  232  1308  4975  2010  844  53416  119036  108402  5812  138430  9057  183  233  291  644  7168  3819  591810  12873  1.18789e+06  18872  5140  1591  19235  2767  16664  2575  2009  58550  111429  2.39525e+06  0  753528  109  2358  9110  6800  8385  2201  607  4117  1755  3048  
557  1060  697  934  3128  919  8866  18844  2241  11035  15624  510  558  2763  12931  40068  9033  46225  1298  61354  8801  9033  2275  2623  2511  3050  3082  3060  1636  2424  468  7193  1646  5348  29635  7839  17531  7845  4780  13809  3101  122213  70272  16105  24728  263513  531242  134766  63620  55318  304693  2906  4742  4241  6403  43595  376408  1.665e+06  315140  300208  187331  106629  51823  223084  48706  64702  21071  28339  669256  176024  3.99853e+06  1.75052e+06  0  722701  822455  138652  88320  192359  30028  17716  63162  99898  54125  
69  99  15  29  333  72  756  1705  141  2049  2640  28  45  356  1012  6937  1460  4397  99  6690  270  197  158  123  203  294  251  160  118  199  34  757  199  663  2839  733  1996  882  135  1173  236  5181  10556  300  385  29203  27380  2851  5453  372  95167  453  147  159  673  4030  226940  244084  29222  3081  21450  4865  1267  2268  2138  2466  1504  3956  17002  8749  6177  7173  515212  0  338738  9508  10572  23762  2370  543  2277  3771  3045  
214  331  530  1267  2179  626  5541  10420  1029  4612  4479  362  254  701  1983  10777  2133  7552  347  10996  1487  2282  616  740  761  674  1460  3060  396  473  126  1757  289  1055  7847  3723  5005  2282  2876  2913  988  975746  363733  19312  56366  849537  1.94639e+06  48805  75313  3925  1.30496e+06  2332  4144  2573  2096  10469  1.5538e+06  794390  120582  17884  47583  18584  11710  42020  15075  19657  8149  104770  244963  50822  40132  50512  1.42129e+06  877480  0  58633  54057  248464  26308  7320  23334  135863  24990  
2270  6287  9151  6060  19383  4628  104480  248962  10749  23852  14161  2631  2453  4014  14960  15671  3846  47736  6762  65116  36728  53436  18504  26300  17253  10617  17044  9900  7931  5604  1054  9522  791  3955  402840  76437  68532  63399  38112  105290  60915  22268  105146  131901  59862  209103  83783  424183  1.72182e+06  11292  266252  68405  15520  13363  14588  278372  375579  53150  767709  73113  952108  432145  280790  483586  268365  471188  220896  535915  819700  221607  40801  10601  119352  10702  146949  0  2.34556e+06  1.13282e+06  818678  397328  2.92155e+06  1.54269e+06  3.32795e+06  
695  2433  6232  5781  5354  587  55449  83957  1248  4747  3701  615  499  1218  4328  4598  897  7006  604  13716  2393  2530  1215  1328  2413  1359  5962  13195  810  676  156  2757  153  687  25480  26836  11196  5989  15624  5566  4577  28217  129871  339516  134506  95869  35951  535571  672332  2594  63595  14557  5344  4033  4293  40776  47019  12846  56297  4977  113812  28588  13183  17760  17017  30904  17607  35280  53253  17677  6635  3790  19651  3470  26243  1.23109e+06  0  413430  377216  331283  303709  67229  272427  
1154  2304  11905  9369  7471  2108  48099  125385  12857  44878  17021  7334  5234  5063  6259  15954  2329  12457  1362  24351  6052  9933  2647  4030  2346  1575  3073  5372  1956  1593  401  3016  298  1442  33614  24885  22028  14860  16100  9779  4391  36267  105419  267176  141745  177591  55604  378490  1.08479e+06  10815  286091  62502  71563  43950  24620  59155  471216  34436  312398  43347  272633  85654  51569  132001  72653  75286  21762  34392  65371  126544  31152  6963  28616  2786  138092  335065  1.07627e+06  0  1.56934e+06  379530  116337  218895  225192  
174  423  1166  909  2672  882  8793  23762  3888  10275  3428  799  644  813  1721  3827  577  4209  580  7218  1700  1272  1068  940  674  458  842  732  688  495  116  762  92  422  13574  5226  6193  11463  1397  3501  2298  2282  19020  17664  8767  48546  21520  54639  352109  3282  124154  18654  9832  6395  3979  24080  148428  9305  83163  14267  88857  29320  8758  16399  11314  34839  10032  15160  20809  52984  7699  1748  5694  426  8530  269923  349363  1.33207e+06  0  27010  364918  173947  602692  
182  251  1822  2725  53  10  2350  2358  26  198  179  780  698  722  793  322  67  772  90  3988  655  1044  233  430  475  256  954  1991  159  112  20  503  17  107  2752  1693  2673  1497  4965  1159  928  14902  832  126791  122583  489  411  12864  28197  240  1000  400  31034  29226  16435  8271  1190  690  5391  1146  26523  5699  4851  7020  9897  12591  4969  18166  41592  4867  1191  347  5632  86  11478  94389  567844  251184  17649  0  22413  44955  13030  
1050  2077  887  1494  1439  208  11374  15673  551  3684  8106  1046  730  4707  10575  7463  1689  29045  5182  29696  11549  25577  30077  49388  28675  20002  11173  6517  9360  4877  499  7355  317  2067  256272  8788  37678  18371  22368  263691  11200  12115  3747  11764  17392  6376  4008  13784  39004  2709  13388  3488  12405  13416  36854  213721  16173  4001  32416  12566  96882  40012  51892  77552  210776  273523  614915  866091  323257  125675  12502  1385  25993  1085  47015  1.94817e+06  78804  99744  120008  39897  0  1.46089e+06  261055  
245  481  1160  760  440  69  3385  5517  222  1111  1153  657  501  789  1768  1467  320  5165  668  6453  6751  10710  2576  3624  1648  1258  1262  1037  649  526  77  1022  70  413  30461  6196  5004  5003  3237  14118  5608  5830  2091  2449  7552  5371  4733  4567  19955  827  5813  1056  8420  6085  5046  34996  14549  5884  77195  9676  65078  59632  55882  112957  44756  40026  69678  339409  174126  13929  3824  1070  23716  2981  157109  617931  36929  114994  169474  24561  1.12736e+06  0  285742  
8943  40711  11249  4037  31161  6328  226091  516327  12125  352020  223350  1353  1254  12162  25242  228859  13064  282858  46919  276737  36411  30492  73292  92605  75939  39534  133815  38510  53414  24313  3821  29073  3754  17067  2.21098e+06  1.04646e+06  566304  2.42451e+06  67514  332836  380291  4888  14398  13314  13287  36182  24229  77558  489966  9574  323721  90593  3742  3709  7676  124446  352083  26956  378628  42729  405770  169729  88793  164222  92891  122062  71152  124860  105425  58390  13786  4854  33633  2998  70115  2.77956e+06  567122  682201  2.40221e+06  28107  1.24746e+06  723693  0  
