4331671  
2468194  
505217  
3527324  
3674568  
4216653  
7955647  
11885872  
3969405  
6310550  
2725544  
2430266  
2466891  
3553859  
2879631  
5257974  
6770153  
5568909  
7400674  
9114479  
1525674  
1429184  
3801391  
3859937  
7671533  
2227457  
1865334  
1658850  
7507316  
8770867  
2642588  
9294921  
781858  
6658821  
11004114  
4043329  
6018297  
2228715  
801066  
4174409  
2048853  
4312080  
2144833  
485544  
3022181  
3058703  
4689973  
7747016  
12594052  
4663598  
6509246  
2247404  
2901190  
2030108  
3498258  
2833244  
5084381  
6305722  
5251812  
7069575  
8597680  
1807908  
1110307  
4424887  
3975784  
7740343  
2219769  
2062364  
2688960  
9518371  
10050040  
3333847  
8641790  
904256  
6527508  
10856188  
3347754  
5243022  
2180290  
790932  
4228674  
2011320  
10836594  
