0  1.69653e+06  32292  602696  208237  78802  676253  64031  1099  19816  3456  3673  1794  1461  4006  33660  45873  84335  56121  21240  13360  43570  131954  86512  65004  6828  40522  240274  41673  76229  9494  196531  4001  1.10411e+06  134523  176377  524498  87967  21641  55151  71124  3656  172  568  5698  3104  883  6734  12833  790  804  1673  476  220  277  713  2746  410  7576  985  9663  1776  1304  2586  1994  968  330  364  1805  1023  642  416  2806  62  594  12096  5316  4323  2653  3006  2566  1370  57153  
1.28888e+06  0  5060  2448  778501  32549  596764  44907  612  13324  6887  444  557  775  3449  23719  12195  57383  30978  25129  11095  33343  45889  51619  34916  6029  15049  20072  14789  21475  2121  31616  813  21421  595040  656564  417370  111569  11389  88356  49384  5999  367  1590  5377  6776  1332  14067  16292  1078  1194  1170  188  116  188  526  1165  184  5142  733  6358  1358  1002  3117  1598  647  260  332  951  694  631  254  1563  37  366  17430  16324  4157  2940  1724  2687  2462  136310  
20663  294  0  243065  161  320  147563  83940  108  1024  487  1105  318  170  396  1156  306  3589  1658  1915  1155  2574  3328  4370  4304  778  2990  8729  3278  2907  104  1294  38  174  33894  159581  55007  14341  56243  9485  15067  16209  1179  12268  19306  4382  974  24334  23848  511  313  120  378  78  45  97  153  28  531  185  695  151  107  511  266  171  48  61  673  281  385  46  1075  5  292  2407  29389  1347  485  2219  351  238  10998  
702581  918  290881  0  870  2052  15996  824665  522  1794  1220  803367  36344  20886  12567  1441  664  4741  2042  36699  6534  3682  3988  4662  17648  1845  115256  148110  3421  2802  143  13662  92  3215  23502  99166  48853  12192  93651  11441  32769  147318  2550  140168  1.05618e+06  10575  2499  76849  269938  1769  876  733  70782  4059  1238  2267  869  151  2217  989  9235  2158  813  3580  2420  1408  369  1420  16003  2758  3017  215  19623  12  4524  15236  135721  16686  4309  40336  2606  3145  8838  
232509  768359  2449  4556  0  1.36682e+06  990080  255474  4449  49761  4823  1138  2531  1017  2622  46710  70977  48545  153564  16521  2501  2861  9741  3435  7006  2221  6129  6104  7286  16499  6663  36573  3349  253692  390332  250839  319940  60813  3385  23918  18806  4556  1082  1634  3725  36003  8713  70705  86706  6020  3047  1201  396  533  402  416  1606  313  5060  1593  5063  767  437  4111  718  900  211  360  1621  1232  1552  480  2305  29  974  51210  13026  20746  17253  2297  3776  3506  117058  
71385  98288  1692  3652  1.05776e+06  0  434172  680666  266969  1.00118e+06  4970  1042  2600  1322  1414  42048  58725  52436  140535  12934  949  804  7141  1084  3584  686  2127  2261  10281  15939  5295  66782  3365  765792  55955  24393  199058  16654  661  4293  4385  3958  1600  1775  2761  50762  27877  101419  204191  45069  20815  2691  445  1679  1558  310  2692  630  7212  10962  6248  748  328  5384  606  1645  229  497  1953  3246  3615  509  3898  43  3398  68788  17092  35116  25185  1906  5232  3324  42176  
606144  589723  200741  11387  1.46335e+06  729655  0  1.56277e+06  734272  96527  19467  2031  3984  2019  5992  53635  55489  127854  469469  45973  12606  31663  73245  45475  48025  9185  24977  35480  89699  70384  6823  26049  939  9886  929894  1.00048e+06  461324  136073  33704  121878  81271  70230  5737  22584  63643  143813  34631  294706  298358  22749  10118  3473  1691  1113  790  1187  4437  1035  12535  5640  13691  2443  1649  10907  2936  2695  662  1103  7359  5388  6471  1558  11616  83  4518  122674  187977  51185  38156  19007  10160  8513  224209  
13787  37739  147100  910059  63016  381348  1.43127e+06  0  1.50391e+06  603739  506739  1.00981e+06  1.67309e+06  841112  184233  51651  34866  90274  103693  620589  107745  28452  20932  29451  17138  10513  21381  17593  10694  16138  5630  19076  1297  13049  602752  443511  333943  176895  20374  58548  39942  107403  14871  77633  257696  253843  202104  593585  3.90065e+06  425093  322093  84356  62458  162856  63184  24846  32192  4099  49302  72071  99716  19952  6327  31678  8113  11203  6676  5058  18415  21209  23117  3278  32921  259  32677  340245  281076  185998  125393  25599  44672  18639  355919  
839  1894  757  540  4826  609215  713452  1.4786e+06  0  1.38e+06  1125  171  353  402  207  5458  4398  65278  195502  3169  159  160  15323  285  6318  577  3028  1611  13051  7617  832  2092  56  669  21544  5135  12627  6749  295  2149  2630  2065  930  1164  1276  10665  24211  27424  142341  60753  47345  4912  95  771  1247  120  3480  488  4540  9102  3298  317  150  3014  224  1042  94  362  951  2528  2728  277  2833  32  3688  23623  16856  17367  11024  853  3672  1322  19647  
34553  35697  4208  2931  64144  985512  119339  936191  1.19605e+06  0  80261  1630  2522  5030  3615  2.04106e+06  129907  112995  122240  20441  1800  1087  10651  1389  5580  1194  4197  8171  10526  21181  10667  206893  53592  445161  109623  71688  538844  200900  2143  10367  8096  5228  3351  3060  3121  16344  11610  44110  366104  164676  256729  66046  518  2183  7007  640  26340  2432  16610  12060  15727  1159  725  4145  843  2497  302  993  2338  2837  2347  764  5574  118  8381  50960  42518  43780  33304  1877  16616  4358  151391  
1083  1264  1667  3697  962  3391  8875  624580  1146  97620  0  15189  92501  999639  3588  130931  13824  20991  1721  755750  6252  1043  800  818  1052  559  1286  1231  2480  3785  1558  12405  2049  2638  50346  26052  20813  17695  1895  2936  3282  3035  1704  1222  2102  5247  6007  15774  199269  15445  252713  439515  3764  20252  53780  2539  99527  9232  49899  10868  78056  5894  1516  5210  1403  7959  931  1256  3013  6093  3311  2568  10196  418  5529  57978  39994  45650  41630  1530  23885  4839  66850  
7272  1066  5855  1.01715e+06  1084  2713  13289  1.14024e+06  491  1861  10194  0  755052  248745  102449  2637  1230  9591  2714  429265  70550  18198  5827  13660  11440  3480  54342  46421  2814  2157  255  2136  225  1391  42719  11648  49260  17173  51500  18815  31167  35727  513  14535  172322  8120  2741  20665  191668  2407  1408  2489  232243  55768  10756  12261  1870  226  4639  936  46349  9971  2953  3296  3204  1456  1871  1321  12388  2331  1514  269  11610  31  2226  20373  19850  13834  6531  30582  4677  4148  13638  
2551  1070  3562  100274  1517  6865  15472  1.04882e+06  1811  3332  47598  563040  0  659129  179329  3741  1670  9303  1978  630668  107266  23880  3500  16064  4200  3675  12004  10006  1151  1133  254  2126  257  872  29370  9642  19519  8663  16429  12902  8954  17611  428  7383  44831  8457  4781  19022  280692  8954  4509  8302  158986  626302  70357  34712  2835  350  6802  1576  148755  33679  7192  3453  6280  2524  7767  1859  6471  1688  1119  349  5538  37  1692  23054  12132  11983  6974  12539  8133  2890  16287  
2022  1051  2047  63481  652  2100  6867  543928  1107  10897  1.07956e+06  188290  786226  0  525397  25617  9544  17939  1905  1.33377e+06  116177  23514  3002  21037  3508  4150  9096  5561  2862  2983  914  8476  1610  2193  36337  9897  18488  11367  6651  20151  7496  9392  552  4108  24540  3156  5592  8405  177998  27771  42297  101624  19750  140597  567010  97071  39068  3158  27742  6944  185177  21578  4664  4444  3597  4445  2749  1805  3121  3494  2002  1286  6227  207  3534  33235  13331  18278  13343  3876  12009  3032  29523  
4257  2177  3421  40155  573  709  9583  103494  182  1088  2831  89377  209887  763268  0  1779  3504  46042  4926  1.83169e+06  178212  113980  10200  566617  31467  107385  79845  13500  2977  3580  708  7658  1449  3478  63913  7405  29342  19885  6062  246444  42376  7235  215  3377  18405  1012  718  3596  46393  2556  3352  42690  5962  15887  72060  190540  6812  458  17399  1478  120070  14092  6845  5231  5765  2269  3109  2192  2623  1676  984  633  3363  129  813  20718  5886  6180  3867  3609  12945  2671  42278  
66531  49785  6368  3532  47377  44304  106669  187493  27463  2.31324e+06  151795  2012  3500  7189  5252  0  1.94656e+06  688949  80352  67696  3026  1371  8102  1923  4272  1042  5687  35622  20032  60875  32246  284149  90893  549431  153082  90435  857083  255829  4474  10742  10487  3066  1098  985  1931  10168  3067  22721  67802  16179  25309  30347  568  750  2664  982  49924  7185  45797  9733  46695  3231  1485  5873  1423  8125  565  1142  3209  6624  3549  3419  10879  561  4226  44198  18238  23250  15694  1789  10141  4844  172655  
69762  46324  5680  4564  57305  65132  95076  143257  8601  217660  88697  4516  7412  17611  17225  2.12172e+06  0  705730  1.60276e+06  222757  12631  2898  13943  4138  11154  4169  11513  47546  100269  335216  329218  1.5544e+06  375409  474833  151034  97716  718057  93061  5818  16068  18338  4004  1477  1296  2538  11381  3264  25628  50538  6031  10333  57558  928  1061  4979  4456  99541  11283  90418  13716  114762  8226  3168  9830  2974  13713  1891  2390  5308  11384  5844  5346  17626  902  5963  74640  27532  34018  23575  2950  16960  7498  118944  
66167  41188  26439  8933  19912  52451  175225  111669  69526  129231  31643  3506  2548  2659  13072  521731  401703  0  2.56779e+06  582658  165766  22957  733695  42128  214883  40952  85469  41517  40083  57608  14329  160685  11634  85111  231912  73948  467668  173938  23280  188257  109983  5040  1403  1863  2688  5453  2030  16792  40462  7198  11564  8759  1195  674  1546  7497  16530  3228  114650  12184  143432  23048  16576  32823  14345  10652  4132  4715  9519  14021  8646  5354  19760  1052  3216  112725  23776  37306  19994  5698  27391  15592  168838  
50125  35136  12409  4542  44505  106559  352724  138944  200281  108895  7425  1680  1795  2367  14967  31425  2.0248e+06  2.44217e+06  0  75866  9833  3862  1.35957e+06  28104  301073  40213  108277  41571  405568  1.91747e+06  875539  378077  5808  93210  124184  43638  362229  185417  8592  69760  45175  2545  771  981  1523  6359  2920  15570  44449  14639  14791  8655  554  460  1199  3327  16312  2449  48939  5710  57798  4528  2600  6897  2927  4643  1823  2084  3925  5968  3814  2661  9052  464  2255  47642  13351  19123  11767  2313  11837  6484  120274  
43553  21133  30713  72657  3144  6528  90997  394321  1964  17079  701548  181318  357459  768702  1.89482e+06  71579  39833  776822  52220  0  1.83169e+06  559177  57374  825483  106306  156958  153871  61342  34735  50068  11449  95825  9656  31042  352960  80716  243926  132541  31440  568439  161340  21621  3760  8841  29090  10137  5763  37383  169837  11241  28998  84611  20167  42509  69373  107543  73458  10999  399587  37947  1.02701e+06  97692  65088  101972  56592  34689  17631  17919  31682  43227  27069  18106  64789  3554  10230  346996  73389  100050  66057  17775  111472  45815  236707  
8863  4154  4211  2512  339  181  13853  10937  70  466  631  3636  7246  5628  58073  582  973  137417  7885  794256  0  361128  69821  89812  14516  16427  13841  6783  3571  4878  769  9840  381  4602  41358  7665  39946  19720  3499  76383  20277  861  177  369  848  445  120  1948  7866  230  303  1283  2562  3580  3688  14666  941  146  21536  1597  95072  119802  28865  21503  18564  4047  2497  2026  2098  1725  1006  346  2289  77  263  27848  1998  4959  1901  1434  20999  2680  18950  
10623  4188  2873  1130  251  76  11432  3388  12  162  244  1087  1744  2332  63175  233  228  24609  1489  192534  279066  0  87155  631725  9867  17698  9195  4973  1788  2991  322  5570  76  3754  31108  4850  32212  10517  2279  56168  13837  341  52  138  316  137  32  666  3083  70  55  189  1506  1793  1699  11015  105  25  5442  398  48864  92486  75704  7766  40603  2292  1589  1340  1051  548  345  77  817  16  94  17077  521  2213  508  685  15890  1165  9972  
129674  37877  21328  5621  5010  1952  95039  23619  6806  3986  1339  1618  814  597  3833  1808  7018  857292  1.20636e+06  35616  84538  125553  0  428610  1.06042e+06  79850  187173  64364  1.15717e+06  588728  18303  239338  607  105445  58241  32808  317079  58459  12637  100936  80592  617  140  211  623  920  273  2488  5077  524  760  1001  443  134  193  1763  1582  213  9389  1148  15408  8757  6763  11911  5682  2463  993  1004  1170  1028  684  292  1675  44  245  19319  1952  8321  1410  941  10154  1869  38492  
64299  28510  21311  5031  616  176  77303  10783  58  356  317  2668  3349  3335  547432  442  567  68281  25912  532783  216898  774773  504301  0  1.35702e+06  846541  106591  41893  26402  29411  646  24497  146  8132  111566  26394  129837  24082  11128  371117  81123  788  157  302  767  374  107  1544  4923  241  208  560  1087  1039  938  11554  339  66  9145  1365  34654  17403  27283  36979  140854  7439  4971  4315  2729  1418  867  172  2139  29  152  56601  1311  7856  1027  1119  50801  3292  63412  
55067  19396  20967  7461  934  625  64731  10096  3368  2105  925  2164  1264  904  18435  1174  1463  198315  190158  30541  19316  21305  1.36555e+06  1.83478e+06  0  1.84229e+06  2.02204e+06  287971  3.1466e+06  77860  1948  36900  387  16479  126705  35623  142530  61278  17290  596187  224763  555  102  179  678  420  155  1362  3293  371  510  1219  426  138  185  1696  1418  199  7954  1116  12174  4845  4252  8304  6224  4238  1335  1218  1290  1946  712  253  1672  46  199  21156  1571  6685  1478  1077  13411  1849  88328  
6804  2138  4877  1907  242  133  9297  3388  124  380  233  709  641  459  30321  268  341  69937  45521  16572  14883  13895  179596  624420  1.3716e+06  0  590536  65009  15947  9837  493  8597  118  4600  33900  8434  32527  13770  4728  411409  68532  154  31  58  199  94  41  355  1480  155  222  719  164  76  114  869  410  36  2627  353  4736  1962  1782  2934  2601  961  519  463  447  282  208  70  531  8  55  8101  447  2027  432  285  5733  711  104522  
43823  1203  7909  37522  300  194  7409  6205  305  962  775  7597  3066  3068  35946  1778  2129  46529  18967  33469  17421  15356  58415  46777  1.29361e+06  675574  0  320448  34158  5654  576  5761  466  8419  194022  14696  82090  108105  11273  586471  528117  1702  62  192  3794  216  96  741  3472  345  489  3404  1079  249  452  1233  1912  157  5159  522  8602  1932  1556  2382  2442  1523  1035  967  1900  808  480  235  2129  32  342  18825  2769  2470  1267  3374  9739  1443  78947  
378790  6783  71668  145591  1245  504  69156  8909  1008  2559  1401  17483  5842  3163  3887  6323  9139  42401  26901  15811  15648  27602  67710  51686  193942  34202  301655  0  612547  903568  3200  288096  946  39513  195443  74262  357730  166216  63375  172196  851553  5172  69  451  9344  368  137  1254  2944  254  336  673  2498  244  182  682  1070  188  5340  983  7469  2037  1722  5597  3916  1898  485  544  5562  1474  1750  262  7610  36  678  13790  6679  17387  1222  10531  3262  4195  43549  
49423  12972  22662  6118  2272  4757  98796  22833  11459  10704  7795  1314  1088  1849  5304  11341  29200  84603  291353  34116  9182  16109  1.37675e+06  63213  3.38112e+06  53507  225848  595221  0  3.86058e+06  53888  69148  1708  27315  76261  40327  187070  93840  12700  96634  88734  967  270  300  666  1420  486  3667  7621  771  1309  7454  302  177  676  1281  13056  1545  19726  2971  24450  2607  1692  4625  2499  3335  651  725  1761  3004  1653  1193  4139  203  927  17686  5103  10415  4145  1155  4927  2724  67860  
79341  27265  18414  5999  7770  8982  112283  67415  9379  20683  27864  3053  3844  7116  15501  36679  580764  225632  909117  118600  27898  34071  532499  105917  198229  34084  42333  462651  3.4033e+06  0  1.76426e+06  3.1085e+06  3292  49413  165693  67467  391325  181942  23470  141664  80395  2250  643  745  1509  4836  1489  11657  23631  1956  3105  22006  699  544  2077  3221  37382  4405  52714  7312  67014  6395  3225  8451  4304  7318  1616  1786  3836  6042  3632  3060  10294  538  2570  43550  13539  23327  11367  2367  11090  5894  127997  
10942  6506  2594  1137  3253  2267  22680  28356  2194  5622  8746  788  1319  2469  4520  12508  661315  64063  598404  36917  5796  3411  45361  4488  27250  4735  10996  6568  101745  1.92858e+06  0  903889  2946  13575  31346  15990  131039  48719  1644  8958  5516  656  210  226  435  2079  671  4647  9547  775  976  7578  193  166  636  859  11375  1358  15355  2102  19653  1532  633  1622  528  1969  402  461  902  1686  893  891  2693  133  815  12322  3854  5594  3617  524  2782  1370  29693  
427768  52618  25936  27346  19084  62022  120767  91149  6556  228386  57872  6652  9408  18774  42393  158090  1.3679e+06  639079  398838  350783  68946  60688  444991  141102  251913  56347  71032  523292  145810  3.95788e+06  1.15095e+06  0  823367  1.08402e+06  207607  82651  811922  127988  31596  220760  86849  4098  1278  1306  2906  7876  2165  19129  36968  2430  3587  26545  1317  971  4118  8484  56912  8136  148899  17508  163725  12283  5710  14842  6874  13135  3896  3969  7529  11919  7306  8418  23527  1470  5589  93885  29150  48087  24563  5179  23675  11031  124908  
6778  3861  563  447  3890  6076  5202  9726  88  57710  4470  403  705  1445  2395  49813  228369  24465  4769  22713  1072  274  1263  400  1259  486  1314  4564  1409  3443  6187  577248  0  256063  7564  5349  76521  5868  392  1349  2070  255  84  90  198  707  174  1636  3076  170  260  2075  74  80  310  383  4423  546  7146  1025  7927  460  164  624  159  769  132  161  334  691  363  420  1214  86  370  4961  1920  2079  1351  221  1091  471  8283  
1.3002e+06  340936  2915  5205  510776  1.29774e+06  70862  236928  1331  680237  12947  2570  3962  4407  10346  953638  1.16859e+06  166101  85761  67244  10656  12397  98428  19251  35853  7850  28800  71513  25726  83574  40951  1.08191e+06  535117  0  74306  48517  1.80454e+06  40338  2853  17640  44706  2182  592  799  1805  13502  3836  27848  48806  2926  1820  4933  517  599  969  1426  9188  1426  21382  2858  23421  1948  890  2826  953  2059  565  628  1422  2059  1372  1192  3781  189  1078  29635  8101  12423  9097  1116  4349  2293  38690  
106638  116583  260293  94282  47363  23124  843460  1.24182e+06  9964  452777  308096  37265  33623  41111  105454  505374  66675  747923  157870  590818  90706  95580  163216  125102  406782  137178  728719  489621  126810  130447  7355  96368  4618  30499  0  3.96942e+06  470950  649754  729635  2.65987e+06  1.83635e+06  13025  2717  4431  13224  47182  23956  104147  292454  36324  53932  45665  6070  4252  8542  10829  21643  3256  75570  14732  92826  16276  11682  53234  18641  15655  10259  12599  13015  8873  7569  3465  17364  500  5695  434895  35170  76902  50150  8898  94602  42482  3.2169e+06  
48271  48672  212254  31073  17190  4487  555397  272218  1630  68451  106844  3077  4745  8671  10950  156106  27871  81877  13252  114781  8124  7538  14762  12822  82181  22605  113884  92582  26596  23162  1937  27194  5975  9062  2.64838e+06  0  211562  259732  880398  440771  282093  3426  679  1983  3298  9062  2801  23072  47607  2978  12410  15969  455  600  2089  1488  11892  1667  15439  2321  20715  2180  1219  5683  1680  2073  646  773  1604  1815  1393  835  3406  114  1079  44062  9960  13144  9548  1492  6846  5163  421719  
333707  265685  363944  91838  123985  55151  1.16717e+06  1.30703e+06  7048  575979  116267  24945  33673  27549  55866  620032  207205  543090  497410  220546  47457  51105  159422  53241  71569  15516  35621  75479  126764  205360  56586  206047  15512  186568  189677  1.30654e+06  0  1.646e+06  141906  78776  84661  10622  2340  4547  11539  47544  13876  102926  301968  30883  57759  33823  4585  4116  6670  3817  15381  1757  32625  7544  40054  5659  3241  12928  5381  4460  1377  1492  4382  4131  3825  1883  8415  273  4041  85578  32203  64144  29713  7246  13671  7655  126828  
23220  20627  37462  15703  10257  12132  116868  318663  1795  260059  71594  5824  8090  9341  13796  184518  22623  158562  166064  90648  12633  7962  33531  6423  22399  6221  20661  17328  41918  43310  4977  12716  871  4352  127816  357164  1.70938e+06  0  60339  48090  87692  2858  432  803  3309  8599  3281  18214  58716  5370  18621  13907  1193  1126  2695  1130  4956  655  10156  2388  12385  1866  1072  4711  1602  1449  429  476  1332  1180  1073  529  2590  75  900  22356  7261  22306  12109  2837  8593  8808  461565  
38148  1138  95293  99298  132  110  49426  13916  66  3258  2956  22077  11746  6857  2464  7523  1119  14224  4423  13675  2988  2464  5267  3470  10632  3415  20222  22194  3416  2730  156  1950  99  722  237777  436468  152317  91865  0  36211  49131  1596  70  501  2265  284  100  1676  3531  157  261  576  1274  351  254  323  747  86  3016  797  3548  789  728  4054  1946  1145  222  341  4907  988  945  129  5132  12  303  11680  7671  17624  799  19237  1579  2317  37034  
26938  5876  29503  32639  847  901  50946  22573  570  3089  2082  38077  17264  40980  252967  3095  2819  119576  27568  169432  80579  69785  87105  239237  313551  452977  1.7297e+06  181024  46455  60598  1238  37646  1002  17218  2.16685e+06  86392  190982  128129  83395  0  2.12476e+06  3722  794  1373  6724  1619  721  7168  20072  1487  3177  35646  9462  1687  4209  21226  14566  1393  58011  5354  102444  21313  20195  30752  37543  22022  18403  16821  11863  8886  5421  2280  12602  447  1579  200675  12694  31383  12072  5876  160983  16515  116670  
9205  1644  7999  14915  365  301  12413  8816  290  2059  2014  11991  5338  10220  45631  3541  1964  75888  18534  35536  28998  27835  57212  36800  158980  88544  1.22111e+06  287874  18042  11170  600  7375  381  12878  887510  57992  155659  298363  57226  1.46254e+06  0  696  123  196  1650  442  203  1367  4275  431  918  8270  2191  346  877  2602  3046  293  10154  964  16216  3281  2182  4133  3446  2447  1980  2117  2046  1138  909  408  2631  71  298  40208  2348  7070  2715  1560  16427  4549  192378  
1696  866  3693  10743  754  728  11437  11241  453  1670  1197  1314  658  381  511  1338  497  2780  504  3350  767  1257  688  1351  902  315  1225  1907  370  337  88  705  85  195  6365  2787  2496  1788  1192  2435  1246  0  1.38097e+06  46136  706057  449072  32462  856187  88819  3672  7910  7248  11912  3422  1018  2695  20434  10654  38808  21932  31541  8690  10299  95914  66218  30719  2393  32860  164276  36980  84314  14964  632656  998  1.18e+06  132041  106649  437617  57807  46346  17366  25637  36488  
381  621  2489  2535  544  1012  9723  7451  454  1756  824  80  153  102  318  1119  449  1732  443  1950  453  725  433  727  441  208  367  280  274  275  58  560  73  126  5758  1862  1790  1431  707  1633  1060  1.18754e+06  0  2879  1618  814172  34544  236324  18060  2656  7382  5388  141  100  142  1826  11051  4305  25321  13561  23518  4288  5406  69441  26749  13984  2172  2446  19136  23721  63987  9523  159553  249  78064  372086  121702  262015  80922  1692  35968  12720  75485  
1694  1339  17665  46765  1069  604  19970  13870  106  324  140  1141  135  69  91  216  104  389  170  368  121  212  244  263  192  73  258  338  87  98  20  126  15  68  2592  3070  1316  463  525  559  716  36451  406  0  132990  517  220  135266  97574  296  427  1006  171  149  80  269  1930  176  3156  1195  2738  749  1191  8476  7519  2663  246  409  1781  2333  4727  271  3953  7  1150  21747  99855  62916  7753  18099  3067  1658  4882  
16093  4547  66816  1.10033e+06  3306  1425  68604  211004  284  888  518  168702  11251  6234  4402  744  357  2139  866  10667  2419  1440  1532  1561  3051  505  15590  21043  616  536  74  704  54  570  12859  18779  11881  3510  9173  3631  7154  757295  391  171153  0  2240  825  11565  610709  745  564  843  902289  7049  1843  5901  1396  166  3175  1484  16227  4493  1703  6973  6082  3781  673  11092  49282  6446  5974  243  51020  17  16880  15664  212194  34471  3587  58984  4568  9570  6297  
2037  6595  15324  12597  9138  22797  121650  118565  6565  8449  2050  980  3104  470  798  3183  2005  4783  3536  4428  758  899  1631  1009  1169  424  1037  886  829  1072  331  1553  157  578  52778  23847  14342  8053  1424  3999  3221  514966  839891  3113  3735  0  910639  1.24088e+06  121325  43194  57066  7498  258  726  510  2444  26865  21662  40748  28096  36314  5069  3041  81250  7212  15029  2488  2544  17092  67595  95213  21830  74639  1457  570491  355324  101880  170504  83312  1591  34923  13392  111043  
779  1911  2475  2805  3332  51045  42475  189650  38728  44396  2153  1335  5904  2835  947  2435  2078  5107  7435  4083  513  404  1021  554  806  362  985  773  856  1226  450  1265  66  540  64378  10590  22230  12754  629  3153  3535  84530  121794  3824  3587  1.37457e+06  0  707821  404744  713985  1.68823e+06  5608  232  671  944  731  44375  60557  25529  51410  16492  1994  875  75579  1866  16501  832  1637  8271  88420  126603  26012  137720  2682  821418  98839  146733  76092  34135  1599  9823  4997  59173  
6446  17329  49020  45079  30847  108766  350200  410432  27161  24693  3956  2945  9740  899  1694  7083  7077  12071  13496  9258  1754  2512  4402  3019  3208  1123  3023  2537  2471  3526  1254  4928  378  2010  170561  71694  44177  25444  3313  11367  9713  573556  282539  139407  11984  1.80658e+06  1.03524e+06  0  1.62067e+06  1.80212e+06  127581  11553  771  2636  1023  3179  34918  7838  58516  79041  45773  7437  8653  208413  46296  60298  3510  3692  29284  178984  212328  11475  68586  278  29185  415396  268291  375469  116754  19138  50812  17192  165737  
19789  33950  142068  317400  49818  307543  733331  3.62904e+06  205045  357499  56804  114377  188356  50824  37728  23529  17844  45591  52700  122234  28285  12416  13350  11581  10588  4599  13332  15130  6670  10382  3452  11718  660  5247  575910  229871  216973  114655  12845  35492  30998  71794  20244  143800  635372  196575  231314  1.90298e+06  0  1.93429e+06  397233  510131  713435  1.09054e+06  762407  133687  42178  6801  93840  58150  447205  100371  21193  70126  33648  22136  35247  14236  46039  32092  42189  6464  65689  496  64645  485128  758377  467498  264024  25503  114996  27627  414148  
703  1690  1425  1858  2342  41200  32213  279384  92075  151357  4132  886  4468  6340  1599  3401  1799  7914  12059  4619  559  348  1202  571  1011  416  1149  914  880  1384  427  1100  42  549  78492  10164  40089  22341  596  3479  4014  7128  4143  3750  2972  136847  597108  1.24068e+06  1.81223e+06  0  1.512e+06  3777  202  498  699  240  16294  4577  27533  109022  5883  492  265  58298  628  23932  297  1197  4384  40867  42839  1710  9596  80  9794  33021  210684  41206  24408  1628  9309  3048  55267  
702  1647  1221  1399  1602  23721  18521  288566  77069  296086  57801  544  2214  10667  1982  8656  1530  11828  11737  7798  661  322  1392  559  1233  475  1264  947  950  1187  295  1207  126  481  54577  18709  44197  30570  520  3576  3837  32039  26787  4099  3938  150964  1.30243e+06  212050  1.11093e+06  1.48741e+06  0  72965  317  599  2271  484  2.21621e+06  159491  69106  120783  12976  907  416  48103  1061  13429  461  6133  22477  72434  100359  37659  398574  48082  798738  88090  732845  199236  142858  2113  66282  13175  123797  
663  690  948  1311  513  3843  6071  100896  5937  213225  261988  1631  7366  30525  10710  63062  7276  14177  4083  34763  2717  509  1285  921  2465  1564  2447  1152  5020  3066  743  6169  981  1160  34588  24650  18682  22282  838  6554  2713  2111  1238  1088  1547  3409  1509  11147  547852  1595  100132  0  8826  32032  751031  1229  172303  4941  93310  1061  392263  5123  711  1293  609  988  424  756  1569  1534  1172  1340  5264  250  2742  36615  20178  23960  19953  1766  9779  3274  49712  
4727  926  6108  159555  1309  4596  20895  148568  1059  2687  5746  362747  190349  43283  16399  3940  1368  5912  2073  100083  22443  8102  3308  5426  3969  1564  12378  12418  1621  1376  271  1704  158  1012  31376  11625  24098  8620  8361  10651  14763  23784  217  2466  519617  3409  1075  7694  1.08447e+06  925  648  5294  0  434326  96261  134357  1098  164  5430  1335  378405  93662  16039  7948  19725  6725  16049  18699  64507  8099  3138  240  37811  30  9519  35089  27753  13820  3779  214674  26126  28872  11330  
847  976  2902  13015  1789  16354  20223  207525  6551  10329  13828  61681  422161  100202  19311  4616  1500  4433  2206  132034  24104  6628  1244  3801  1331  1140  2244  1664  717  815  270  1337  155  452  35379  9178  12538  7151  2615  4780  2295  3730  445  2715  9115  6944  3528  15496  912347  3105  1849  18932  360633  0  421701  140654  1504  209  6087  1162  417433  96045  15277  4317  15344  4216  13783  5868  12702  2716  1289  279  4725  34  1247  26067  13020  12679  6827  68489  15634  9237  20163  
1156  1124  1375  4676  823  9979  8854  153759  12346  91204  144580  12267  93065  632874  77320  57479  9532  18445  4343  263166  41527  10032  2026  6327  3993  4681  5600  2000  5790  4150  1206  9489  1362  1742  46393  14369  29583  20218  1344  16739  4549  1843  334  1137  3467  2391  1946  6651  666262  2577  5253  716515  80220  410794  0  591685  9099  1104  34944  1594  1.07216e+06  135063  20423  3455  13591  2554  4183  2804  5184  2078  1264  1058  4595  183  1193  19860  9829  9112  6270  15074  9604  4150  31976  
1607  583  1680  13401  239  582  4417  35370  304  3182  11895  16114  34343  187283  284233  9923  2482  16104  1716  173926  37439  15876  2918  13851  4356  3711  5237  2402  1351  1305  338  3409  557  1051  16109  3458  7773  5361  2511  17793  4110  3720  217  1225  5651  1169  440  3784  111351  445  425  3553  107327  184937  631754  0  1030  310  27514  1620  1.52645e+06  175728  79839  7603  597375  23924  122130  30457  24164  8434  2158  698  8486  139  1533  30809  7116  8260  4609  30562  128874  21988  11243  
724  612  697  1267  514  1794  6222  24978  2357  44316  25114  373  577  1716  919  44385  7593  9302  2026  14559  961  262  873  331  1600  359  1051  1031  5212  3438  836  7206  1077  1143  13957  6298  7092  5453  1105  1765  1568  25264  16500  2945  5971  58074  33178  83814  107173  48638  2.20954e+06  149595  1140  704  2313  879  0  1.89779e+06  697843  113490  22682  1418  538  38614  1671  16091  703  14391  40752  80639  107307  63931  735255  189655  847608  188341  127116  405289  247195  5779  106434  34329  224269  
933  820  1203  1682  793  3186  9899  20498  2449  39020  33559  574  1000  2070  3614  73255  10643  18328  3351  31062  2293  521  1622  575  2707  1054  2195  1483  6553  4320  1067  8916  1372  1609  21211  7981  9369  6619  1776  4097  2685  42203  36822  3650  5267  161194  109410  212600  125690  84107  414953  34800  1751  1236  2688  3600  2.22433e+06  0  812483  1.84844e+06  144152  5136  1412  62411  3125  22972  2399  18813  47920  161429  578212  570633  1.86736e+06  316023  574149  199771  136282  332792  131698  9541  55939  26817  145961  
3864  2246  2608  2896  1217  4406  14819  33629  3322  29992  26568  1040  1415  2426  4187  59384  22733  73833  12026  77069  15823  7290  12048  9501  18314  4923  7362  5177  16503  11839  3228  28243  4069  5879  52327  12552  31387  20784  9502  22073  12394  33097  14416  6818  9954  37657  13678  102480  165418  121864  145862  61424  3167  1630  2104  8113  829784  834380  0  2.632e+06  583689  171587  22630  577120  22552  111543  13266  36783  58342  66516  48486  37666  185016  13094  121835  301866  86209  490419  172919  25549  83935  82298  195162  
1611  1377  1571  2031  1086  7623  12759  44875  6230  51475  30683  739  1232  3090  3235  103176  19216  29737  6275  42498  3809  1277  3470  1875  5433  1595  3285  2623  12398  8462  2079  17631  2614  3129  34579  11148  20855  12275  6052  7793  5580  32834  14072  6351  7343  73427  39005  289453  156968  391989  252755  12036  1920  1144  1999  3514  58618  2.24572e+06  2.49039e+06  0  148479  4918  2539  1.5408e+06  9401  237347  6924  19487  59481  554392  1.44068e+06  1.20285e+06  290989  14357  78921  207165  97359  320158  158497  15801  67655  50245  159407  
20369  10628  12982  16824  2818  7168  46374  124101  5829  80999  171658  21079  58803  66094  73552  170436  60712  358650  58124  712941  190685  78772  73623  72647  107141  37084  46740  23345  49702  38062  9834  89799  12967  24970  203844  46222  134271  86674  18813  156527  57065  23059  4936  8828  14624  12609  4132  49161  392139  3222  8839  311142  173424  266632  825610  1.75219e+06  20774  9184  1.05864e+06  32094  0  2.16326e+06  834890  100795  723937  103652  231383  121700  113529  66289  34731  22590  96164  5022  13911  364001  75195  124436  75846  52862  295628  87997  183015  
3589  1629  1642  1351  205  336  5769  6224  162  1981  4191  1056  1963  1757  5223  3824  1436  42861  8282  37563  103821  53031  26127  26919  27096  8265  7673  2880  2319  2471  394  4629  455  2291  22748  3635  15859  8221  2869  34602  7113  3813  848  1411  1671  1504  200  7359  22189  188  292  720  7636  10400  10346  83869  348  207  243272  3349  1.03503e+06  0  370196  122837  135314  21421  34441  22303  17890  10224  5315  1596  12153  175  1351  60397  6491  20910  9273  5261  53779  18601  20612  
1168  513  508  615  86  79  1900  1892  44  387  712  413  519  435  2493  747  351  9156  1741  12132  18935  39418  10016  38946  7860  3564  4305  1200  669  730  102  1132  105  563  12421  1067  5242  2518  2080  27573  3306  2966  745  1191  1043  1153  83  6768  11827  88  121  156  2820  3257  2543  74629  133  93  40568  1379  467354  327908  0  123031  539958  19788  30971  21262  16807  8382  3774  542  8076  62  674  32743  3008  15562  3544  3109  57359  13791  8707  
1938  1318  1565  2205  804  1876  12069  14450  743  3696  2081  544  608  352  1438  5454  1397  19397  4909  11113  14137  12239  13973  34668  15126  5243  4476  2386  2110  1854  247  2543  235  912  30531  4908  16477  8811  14523  24961  8681  34953  17166  11479  8605  51548  7623  203112  153919  82111  32647  1396  2224  1087  604  4933  3881  4864  629063  1.45568e+06  96124  88778  122525  0  509521  1.00386e+06  18737  34689  86034  1.15179e+06  1.06718e+06  45040  190319  1891  33873  173496  25722  225987  38866  24058  64455  102946  79585  
2256  852  1168  2584  158  182  3677  4618  81  742  1081  1476  1151  745  3685  1268  558  15766  3772  13241  18034  56961  13951  186663  15225  8942  10104  3676  1807  1965  193  2337  138  990  70254  2323  15077  7399  12279  81133  11195  25185  2305  10909  7794  1762  211  25908  28722  400  306  361  10557  10253  7241  664600  528  173  45834  10291  574801  128868  515163  425685  0  1.66554e+06  545592  81788  118839  56425  29217  861  79557  107  2447  114315  10017  65880  4983  16362  243282  58881  23982  
1057  429  737  1694  150  409  2731  5002  248  1781  2264  659  937  723  2054  3517  964  10272  2102  9050  6022  7147  6263  14190  8572  4512  4750  2293  1820  1514  201  1905  205  664  46289  1916  10467  5682  10088  43357  7594  24157  2647  9679  7696  4620  1347  43086  32528  21208  7513  703  4334  3218  1097  70169  1436  638  146755  163235  81994  29948  41562  827606  1.84035e+06  0  1.5155e+06  1.08216e+06  758335  2.95145e+06  107918  1974  94476  386  3931  167662  22147  71433  11489  17520  422624  93826  29916  
169  61  123  446  16  44  450  2235  34  305  908  311  577  327  632  845  206  1617  274  2155  1175  1154  987  2299  1095  732  797  324  230  226  38  382  45  101  6237  360  1105  726  845  6359  924  1686  145  552  760  300  62  1588  9304  266  123  115  2547  1998  655  77661  97  59  21790  13784  29213  10899  11592  43471  433441  1.37006e+06  0  631323  148544  37021  4503  241  12152  83  445  17434  1742  6389  1856  2110  187656  49804  6861  
639  187  453  2343  91  118  1314  5285  132  1559  6167  1513  1303  1806  3120  5766  1253  6754  735  11714  1655  1278  1198  2579  1963  1413  2417  1307  773  756  191  1792  260  458  14995  1431  3278  2597  1954  13042  2379  30453  591  727  8120  716  193  2729  20561  511  633  532  13627  6728  1750  82930  1562  424  25406  6819  52120  12272  10764  32648  47288  1.289e+06  689333  0  417305  17486  3243  752  10171  138  35085  87347  8539  44561  13495  23036  491235  275455  25706  
5307  621  2674  17853  513  436  6611  10857  462  1921  1411  4696  2277  1235  1090  1512  623  4579  841  6279  1597  1707  1392  2426  2645  1041  4883  8863  924  824  99  1022  110  307  9711  3140  5940  4139  9087  7370  4959  174711  5944  8636  50325  5585  1051  25898  46782  3904  4485  2270  43793  18739  4404  23665  10496  2744  46712  23918  55761  17642  13460  121230  73593  334331  93826  329464  0  680738  395747  4414  355019  525  183868  212468  65621  203915  33768  88896  234988  487656  43789  
833  508  792  1065  313  1284  4447  6645  684  3739  2951  235  302  357  1699  6654  2287  14089  2070  14173  2284  2461  1858  2900  3604  1195  1839  1210  2103  1466  329  2861  409  865  14334  2592  7381  5278  2679  9217  3525  29950  7053  6747  4832  61302  13688  167846  38620  53231  22140  2050  1135  659  568  15313  5181  7983  137607  250953  92413  20885  20195  1.19442e+06  106176  3.15435e+06  60431  16631  736674  0  4.16951e+06  23492  146383  505  17928  76441  26801  59507  18465  7167  98740  23867  26158  
943  838  1419  1952  716  2878  9575  14480  1610  4829  4804  386  618  634  3015  8045  3662  22634  2629  26189  2772  2162  1673  2395  2579  1355  2061  1475  2275  2000  517  4657  666  1228  20001  4090  9258  8090  2952  8682  4281  86362  33172  16502  7929  261069  78477  436565  83642  31589  26797  3571  1162  728  964  14032  13256  236310  162540  403495  171129  35406  19219  635209  63437  106448  13468  10203  599009  3.67332e+06  0  1.82173e+06  3.68296e+06  655  44243  118650  55083  75510  23421  7971  35836  20403  36434  
399  414  605  536  350  1435  4596  8286  1095  3553  3620  152  360  376  1779  6593  2516  13033  1458  16250  1299  566  602  560  1072  538  1004  582  1329  1156  372  2942  416  703  10564  2382  4567  4466  689  3270  1766  21550  15828  1332  1165  127820  56838  144208  31055  9082  16913  2634  325  270  567  8059  13878  737888  125815  1.16918e+06  118922  20802  5500  133743  5517  14106  5774  4629  10014  65192  2.43716e+06  0  1.02614e+06  3367  41151  63047  33504  43031  16472  2770  11175  7180  22842  
2885  1411  2699  8583  1067  4304  13507  25505  2451  13669  15201  1630  1411  1823  5607  25602  8457  37190  4160  49935  4830  3267  2812  3809  4777  2301  4319  4695  5385  4387  1266  10695  1484  2322  31926  7690  16929  14231  8932  13210  8692  412995  99266  30973  34836  189742  144606  263028  182592  20963  337819  14113  8069  2815  2466  20177  262454  1.51318e+06  335810  193915  311856  53454  25881  348511  102691  95580  17565  26416  362315  173167  3.38435e+06  1.62987e+06  0  664863  1.18049e+06  193947  137212  239100  46436  30011  61995  59846  65129  
64  67  71  95  55  133  618  1008  64  534  1303  47  92  145  398  2271  825  2703  253  4130  273  62  95  74  261  108  199  119  517  371  139  1174  169  211  1726  398  811  708  172  420  260  3716  4207  186  203  11762  2718  6304  8431  313  65325  705  74  57  164  1064  92572  195869  28328  6123  24904  972  218  2840  433  2366  722  2441  7836  7584  8421  21706  431805  0  406907  7012  8256  15587  2826  576  1238  1442  2505  
637  725  1194  2566  788  3981  10346  26866  3133  8353  4403  579  1029  900  1101  5681  2015  7511  1302  10183  882  422  521  492  868  401  875  800  1211  986  316  2459  362  519  13055  3637  5017  3766  768  2166  1312  1.07453e+06  282099  8827  8490  920732  1.25923e+06  147142  260196  8879  1.14931e+06  7884  1900  973  894  3841  1.22034e+06  733021  121259  45138  72287  8265  2946  55422  7235  14690  3003  26666  95210  96848  135116  146288  1.78029e+06  848051  0  45171  34947  131164  24390  5824  7190  19960  20386  
4308  5234  8000  15954  7129  40030  86321  229389  18306  37441  20657  4741  11077  4608  8924  21384  7337  37312  10685  43191  12286  13810  14036  23381  18029  9492  20246  10254  6018  5887  1277  9282  1149  2980  327421  45381  47329  45171  26518  102975  49472  274464  89139  98624  109672  166070  25295  658398  1.66293e+06  19311  260376  141770  16485  10327  9309  75131  261292  30135  856014  116597  853211  146689  79751  510455  131371  262901  117802  296561  762398  305655  165081  24532  366945  2038  15619  0  1.94276e+06  1.23445e+06  1.1724e+06  408585  2.7613e+06  1.4305e+06  2.91231e+06  
969  1736  5322  8945  1563  1134  20532  17769  512  5816  8191  582  605  1045  2977  14004  2687  7708  976  15384  1361  611  734  737  1300  924  1507  952  1510  1184  401  3087  486  668  10741  5628  4827  3805  1859  3582  2498  170016  22176  105979  59623  11532  5483  311708  353464  3479  38331  23206  3151  1986  1621  10347  22219  19272  66914  7931  130750  9280  3705  20848  7851  31461  10346  18372  66393  40414  19984  10332  52913  1447  7458  1.05918e+06  0  215384  185333  365815  265222  62578  145438  
2750  1670  4698  12684  1941  8536  26087  73742  9516  40401  19453  2513  2740  3714  3325  12462  2928  17011  4878  17908  3359  2671  4883  3176  4234  1860  3804  5296  2584  2356  463  3825  451  964  32995  12706  48130  33229  50013  8205  14801  354970  112767  117437  56395  128840  13968  617469  1.23776e+06  45787  428131  174508  12130  6375  4762  10909  420029  24610  370183  132304  276362  23019  9346  147717  20205  54819  8975  62961  91294  108289  68437  11195  60994  1003  29916  327870  607803  0  2.00634e+06  251924  192766  138658  301476  
332  618  1077  1762  854  4807  10367  29772  2937  11452  6048  370  918  780  1101  4504  961  3597  1366  5197  641  341  603  550  696  362  608  340  596  538  142  1005  135  228  15736  6199  7045  13723  898  1978  1660  34361  34750  10458  12382  55208  5866  163657  561191  20602  187894  49107  453  783  1358  2961  135233  7539  109280  54370  87973  3819  1216  24489  2204  14673  2344  2901  7568  24880  15031  2515  11043  214  3619  242059  141448  1.84617e+06  0  7509  535647  117812  861665  
2466  296  1788  9949  277  136  3260  4081  55  255  390  4395  2493  913  480  467  119  1145  221  2621  672  592  429  603  1215  204  3799  5494  222  181  23  260  28  117  2582  1562  3917  1204  8600  1414  2068  82158  464  30714  34551  319  130  28514  13162  381  494  1840  56295  25030  10099  5175  3720  444  15251  4754  28292  6424  3518  23919  13572  10641  1779  21663  65853  12127  6923  771  35412  73  3962  113129  358553  167598  17065  0  21267  74937  5646  
2583  960  2242  7106  354  711  6045  17038  438  5252  14734  5707  3486  5743  16542  14349  3777  29293  4560  39219  12435  13802  13522  34582  21942  15483  22991  6121  3493  3821  589  6509  869  2062  192703  6160  16850  13397  8105  182479  18136  32902  824  3585  23499  1580  979  10523  67696  1866  19671  7811  35081  31687  10315  353979  19482  1310  54316  14289  119160  32396  37031  57991  131356  203241  341057  816902  215959  90183  15248  1006  34406  136  1838  1.74562e+06  71513  96076  166454  54364  0  2.03355e+06  174188  
509  249  467  1942  184  372  1934  4571  181  1441  3879  2025  1393  1543  3342  3842  1068  6900  984  10039  2079  1929  1782  3233  2636  1679  2786  1275  795  750  169  1601  235  442  21526  1905  4217  4066  3196  16401  4634  33872  585  1539  19958  1221  547  5696  17392  876  1696  1159  10610  6188  2309  55143  2527  651  62898  14187  56062  23061  14554  111968  26402  59583  58750  565343  166996  30614  5700  1703  27123  163  5450  693132  39109  130219  79227  58254  1.54148e+06  0  193086  
17455  15556  23707  47591  8367  12865  99986  415477  7330  528585  269862  3218  7042  20127  28798  343366  35337  281942  122636  234507  28944  22327  58461  39140  53202  34573  76269  27715  53383  40810  4051  22036  1904  6790  2.23331e+06  797472  558663  2.17044e+06  41011  128890  281186  75030  10599  6933  61539  29000  10522  89721  526673  25203  349502  139215  1281  2699  8562  12848  236940  15172  279262  67322  271336  31670  13862  113701  31638  36768  11333  27167  36086  30448  16231  7788  28914  710  5692  1.57115e+06  208745  865502  2.42734e+06  7352  648377  281751  0  
