4447721  
2688974  
653700  
3462831  
3688523  
3844000  
7457322  
13157526  
3596022  
6007431  
2822371  
2649316  
2492331  
3651326  
2956428  
5535310  
6672071  
5693376  
7883379  
8192787  
1380741  
1158625  
4454546  
3702510  
8072438  
2001781  
2284138  
2709558  
8283308  
9117662  
2798753  
9129387  
786169  
6309133  
10905994  
3708640  
6366034  
2430668  
717039  
4786676  
2319212  
4814478  
2305174  
506005  
3283634  
3493976  
4555644  
7586219  
13122272  
4744654  
7166861  
2057757  
2407595  
1974813  
3185789  
2704637  
5777806  
7475691  
6037104  
8403764  
8099853  
1602639  
1140539  
4947341  
3772225  
7574123  
1956017  
2198853  
2267439  
8225436  
9454328  
3752357  
8760822  
833681  
6618943  
10586367  
2405267  
5388453  
2585828  
700589  
4410050  
2168956  
9055906  
